opt_m_x, opt_m_y, opt_qua, yaw, alt, battery_V
0.0069803018122911453, -0.018283873796463013, 0, 155.91136169433594, 0.0, 15.673562382497014
0.0069803018122911453, -0.018283873796463013, 0, 156.0782470703125, 0.0, 15.673562382497014
0.0069803018122911453, -0.018283873796463013, 0, 156.0782470703125, 0.0, 15.673562382497014
0.0069803018122911453, -0.018283873796463013, 0, 156.0782470703125, 0.0, 15.673562382497014
0.0077989646233618259, -0.018959807232022285, 0, 156.38703918457031, 0.0, 15.670537896561692
0.0077989646233618259, -0.018959807232022285, 0, 156.38703918457031, 0.0, 15.670537896561692
0.0085869384929537773, -0.020479030907154083, 26, 156.56602478027344, 0.0, 15.671523204970114
0.0085869384929537773, -0.020479030907154083, 26, 156.56602478027344, 0.0, 15.671523204970114
0.0085869384929537773, -0.020479030907154083, 26, 156.73271179199219, 0.0, 15.671523204970114
0.0085869384929537773, -0.020479030907154083, 26, 156.73271179199219, 0.0, 15.671523204970114
0.0085869384929537773, -0.020479030907154083, 26, 156.73271179199219, 0.0, 15.671523204970114
0.0085869384929537773, -0.020479030907154083, 26, 156.73271179199219, 0.0, 15.671523204970114
0.0085869384929537773, -0.020479030907154083, 26, 156.73271179199219, 0.0, 15.671523204970114
0.0072484882548451424, -0.018621588125824928, 0, 157.04698181152344, 0.0, 15.674514390074421
0.0072484882548451424, -0.018621588125824928, 0, 157.04698181152344, 0.0, 15.674514390074421
0.0072484882548451424, -0.018621588125824928, 0, 157.04698181152344, 0.0, 15.674514390074421
0.0072484882548451424, -0.018621588125824928, 0, 157.04698181152344, 0.0, 15.674514390074421
0.0067841284908354282, -0.018204409629106522, 0, 157.2762451171875, 0.0, 15.667909101083151
0.0067841284908354282, -0.018204409629106522, 0, 157.2762451171875, 0.0, 15.667909101083151
0.0067841284908354282, -0.018204409629106522, 0, 157.2762451171875, 0.0, 15.667909101083151
0.0067841284908354282, -0.018204409629106522, 0, 157.2762451171875, 0.0, 15.667909101083151
0.0064140781760215759, -0.0195320975035429, 0, 157.3607177734375, 0.0, 15.665145927548787
0.0064140781760215759, -0.0195320975035429, 0, 157.3607177734375, 0.0, 15.665145927548787
0.0064140781760215759, -0.0195320975035429, 0, 157.3607177734375, 0.0, 15.665145927548787
-0.084482021629810333, -0.15616555511951447, 25, 156.06185913085938, 0.0, 15.669488023451699
-0.084482021629810333, -0.15616555511951447, 25, 156.06185913085938, 0.0, 15.669488023451699
-0.084482021629810333, -0.15616555511951447, 25, 156.58041381835938, 0.0, 15.669488023451699
-0.084482021629810333, -0.15616555511951447, 25, 156.58041381835938, 0.0, 15.669488023451699
-0.084482021629810333, -0.15616555511951447, 25, 156.58041381835938, 0.0, 15.669488023451699
-0.084482021629810333, -0.15616555511951447, 25, 156.58041381835938, 0.0, 15.669488023451699
0.4732704758644104, -1.3154624700546265, 108, 161.987060546875, 0.21199998259544373, 15.672493281102927
0.4732704758644104, -1.3154624700546265, 108, 161.987060546875, 0.21199998259544373, 15.672493281102927
0.4732704758644104, -1.3154624700546265, 108, 161.987060546875, 0.21199998259544373, 15.672493281102927
-0.05913330614566803, -0.15872591733932495, 107, 163.47286987304688, 0.46399998664855957, 15.669896435699751
-0.05913330614566803, -0.15872591733932495, 107, 163.47286987304688, 0.46399998664855957, 15.669896435699751
-0.05913330614566803, -0.15872591733932495, 107, 163.27276611328125, 0.46399998664855957, 15.669896435699751
-0.05913330614566803, -0.15872591733932495, 107, 163.27276611328125, 0.46399998664855957, 15.669896435699751
-0.05913330614566803, -0.15872591733932495, 107, 163.27276611328125, 0.46399998664855957, 15.669896435699751
-0.05913330614566803, -0.15872591733932495, 107, 163.27276611328125, 0.46399998664855957, 15.669896435699751
-0.0097290389239788055, -0.048012230545282364, 100, 161.41317749023438, 0.46999996900558472, 15.668738328401894
-0.0097290389239788055, -0.048012230545282364, 100, 161.41317749023438, 0.46999996900558472, 15.668738328401894
-0.0097290389239788055, -0.048012230545282364, 100, 161.41317749023438, 0.46999996900558472, 15.668738328401894
-0.13331985473632813, 0.19811201095581055, 70, 161.26826477050781, 0.58599996566772461, 15.672443464061132
-0.13331985473632813, 0.19811201095581055, 70, 161.26826477050781, 0.58599996566772461, 15.672443464061132
-0.13331985473632813, 0.19811201095581055, 70, 162.60198974609375, 0.58599996566772461, 15.672443464061132
-0.13331985473632813, 0.19811201095581055, 70, 162.60198974609375, 0.58599996566772461, 15.672443464061132
-0.13331985473632813, 0.19811201095581055, 70, 162.60198974609375, 0.58599996566772461, 15.672443464061132
-0.13331985473632813, 0.19811201095581055, 70, 162.60198974609375, 0.58599996566772461, 15.672443464061132
-0.015026293694972992, 0.08560527116060257, 115, 166.41758728027344, 1.2279999256134033, 15.674666545545012
-0.015026293694972992, 0.08560527116060257, 115, 166.41758728027344, 1.2279999256134033, 15.674666545545012
-0.015026293694972992, 0.08560527116060257, 115, 166.41758728027344, 1.2279999256134033, 15.674666545545012
0.047278791666030884, 0.18297052383422852, 118, 167.73307800292969, 1.2300000190734863, 15.669200394387014
0.047278791666030884, 0.18297052383422852, 118, 167.73307800292969, 1.2300000190734863, 15.669200394387014
0.047278791666030884, 0.18297052383422852, 118, 169.25196838378906, 1.2300000190734863, 15.669200394387014
0.047278791666030884, 0.18297052383422852, 118, 169.25196838378906, 1.2300000190734863, 15.669200394387014
0.047278791666030884, 0.18297052383422852, 118, 169.25196838378906, 1.2300000190734863, 15.669200394387014
0.047278791666030884, 0.18297052383422852, 118, 169.25196838378906, 1.2300000190734863, 15.669200394387014
0.030438855290412903, 0.12052059173583984, 116, 172.53703308105469, 1.2099999189376831, 15.667520703585733
0.030438855290412903, 0.12052059173583984, 116, 172.53703308105469, 1.2099999189376831, 15.667520703585733
0.030438855290412903, 0.12052059173583984, 116, 172.53703308105469, 1.2099999189376831, 15.667520703585733
0.1036045104265213, 0.090407945215702057, 118, 174.29098510742188, 1.1799999475479126, 15.670912889130484
0.1036045104265213, 0.090407945215702057, 118, 174.29098510742188, 1.1799999475479126, 15.670912889130484
0.1036045104265213, 0.090407945215702057, 118, 175.38119506835938, 1.1799999475479126, 15.670912889130484
0.1036045104265213, 0.090407945215702057, 118, 175.38119506835938, 1.1799999475479126, 15.670912889130484
0.1036045104265213, 0.090407945215702057, 118, 175.38119506835938, 1.1799999475479126, 15.670912889130484
0.1036045104265213, 0.090407945215702057, 118, 175.38119506835938, 1.1799999475479126, 15.670912889130484
0.15613846480846405, 0.0032902397215366364, 118, 175.34805297851563, 1.1499999761581421, 15.669348200484567
0.15613846480846405, 0.0032902397215366364, 118, 175.34805297851563, 1.1499999761581421, 15.669348200484567
0.15613846480846405, 0.0032902397215366364, 118, 175.34805297851563, 1.1499999761581421, 15.669348200484567
0.15613846480846405, 0.0032902397215366364, 118, 175.34805297851563, 1.1499999761581421, 15.669348200484567
0.15613846480846405, 0.0032902397215366364, 118, 175.34805297851563, 1.1499999761581421, 15.669348200484567
0.36810898780822754, -0.14488941431045532, 131, 177.90048217773438, 1.1380000114440918, 15.666009387223948
0.36810898780822754, -0.14488941431045532, 131, 177.90048217773438, 1.1380000114440918, 15.666009387223948
0.36810898780822754, -0.14488941431045532, 131, 177.90048217773438, 1.1380000114440918, 15.666009387223948
0.36810898780822754, -0.14488941431045532, 131, 177.90048217773438, 1.1380000114440918, 15.666009387223948
0.22212454676628113, -0.011143466457724571, 128, 178.29666137695313, 1.1699999570846558, 15.666009387223948
0.22212454676628113, -0.011143466457724571, 128, 178.29666137695313, 1.1699999570846558, 15.666009387223948
0.22212454676628113, -0.011143466457724571, 128, 178.29666137695313, 1.1699999570846558, 15.666009387223948
0.35461202263832092, 0.026354080066084862, 127, 177.27778625488281, 1.1399999856948853, 15.671206099295262
0.35461202263832092, 0.026354080066084862, 127, 177.27778625488281, 1.1399999856948853, 15.671206099295262
0.35461202263832092, 0.026354080066084862, 127, 177.05851745605469, 1.1399999856948853, 15.671206099295262
0.35461202263832092, 0.026354080066084862, 127, 177.05851745605469, 1.1399999856948853, 15.671206099295262
0.15216261148452759, -0.064971812069416046, 130, 177.51239013671875, 1.1599999666213989, 15.670724126608306
0.15216261148452759, -0.064971812069416046, 130, 177.51239013671875, 1.1599999666213989, 15.670724126608306
0.15216261148452759, -0.064971812069416046, 130, 178.31831359863281, 1.1599999666213989, 15.670724126608306
0.15216261148452759, -0.064971812069416046, 130, 178.31831359863281, 1.1599999666213989, 15.670724126608306
0.15216261148452759, -0.064971812069416046, 130, 178.31831359863281, 1.1599999666213989, 15.670724126608306
0.15216261148452759, -0.064971812069416046, 130, 178.31831359863281, 1.1599999666213989, 15.670724126608306
0.15216261148452759, -0.064971812069416046, 130, 178.31831359863281, 1.1599999666213989, 15.670724126608306
0.32260680198669434, -0.10215917229652405, 126, 182.21604919433594, 1.1399999856948853, 15.666834942930995
0.32260680198669434, -0.10215917229652405, 126, 182.21604919433594, 1.1399999856948853, 15.666834942930995
0.32260680198669434, -0.10215917229652405, 126, 182.21604919433594, 1.1399999856948853, 15.666834942930995
0.32260680198669434, -0.10215917229652405, 126, 182.21604919433594, 1.1399999856948853, 15.666834942930995
0.23890338838100433, -0.038904119282960892, 136, 183.34152221679688, 1.1099998950958252, 15.668901432697449
0.23890338838100433, -0.038904119282960892, 136, 183.34152221679688, 1.1099998950958252, 15.668901432697449
0.23890338838100433, -0.038904119282960892, 136, 183.34152221679688, 1.1099998950958252, 15.668901432697449
0.43736609816551208, -0.0017560950946062803, 126, 183.93226623535156, 1.1399999856948853, 15.671741326630432
0.43736609816551208, -0.0017560950946062803, 126, 183.93226623535156, 1.1399999856948853, 15.671741326630432
0.43736609816551208, -0.0017560950946062803, 126, 184.97172546386719, 1.1399999856948853, 15.671741326630432
0.43736609816551208, -0.0017560950946062803, 126, 184.97172546386719, 1.1399999856948853, 15.671741326630432
0.43736609816551208, -0.0017560950946062803, 126, 184.97172546386719, 1.1399999856948853, 15.671741326630432
0.43736609816551208, -0.0017560950946062803, 126, 184.97172546386719, 1.1399999856948853, 15.671741326630432
0.43265450000762939, -0.16101965308189392, 128, 187.06459045410156, 1.1200000047683716, 15.669445262998327
0.43265450000762939, -0.16101965308189392, 128, 187.06459045410156, 1.1200000047683716, 15.669445262998327
0.43265450000762939, -0.16101965308189392, 128, 187.06459045410156, 1.1200000047683716, 15.669445262998327
0.43265450000762939, -0.16101965308189392, 128, 187.06459045410156, 1.1200000047683716, 15.669445262998327
0.13449423015117645, 0.043795034289360046, 132, 187.830322265625, 1.1159999370574951, 15.670067624794122
0.13449423015117645, 0.043795034289360046, 132, 187.830322265625, 1.1159999370574951, 15.670067624794122
0.13449423015117645, 0.043795034289360046, 132, 187.830322265625, 1.1159999370574951, 15.670067624794122
0.13449423015117645, 0.043795034289360046, 132, 187.830322265625, 1.1159999370574951, 15.670067624794122
0.13449423015117645, 0.043795034289360046, 132, 187.830322265625, 1.1159999370574951, 15.670067624794122
0.26561456918716431, 0.090789392590522766, 121, 185.35353088378906, 1.1139999628067017, 15.661641041755306
0.26561456918716431, 0.090789392590522766, 121, 185.35353088378906, 1.1139999628067017, 15.661641041755306
0.26561456918716431, 0.090789392590522766, 121, 185.35353088378906, 1.1139999628067017, 15.661641041755306
0.59509569406509399, -0.04232088103890419, 130, 184.33090209960938, 1.093999981880188, 15.666985091886087
0.59509569406509399, -0.04232088103890419, 130, 184.33090209960938, 1.093999981880188, 15.666985091886087
0.59509569406509399, -0.04232088103890419, 130, 186.65104675292969, 1.093999981880188, 15.666985091886087
0.59509569406509399, -0.04232088103890419, 130, 186.65104675292969, 1.093999981880188, 15.666985091886087
0.2515626847743988, 0.13108731806278229, 119, 189.5106201171875, 1.1200000047683716, 15.665791522026399
0.2515626847743988, 0.13108731806278229, 119, 189.5106201171875, 1.1200000047683716, 15.665791522026399
0.2515626847743988, 0.13108731806278229, 119, 190.40116882324219, 1.1200000047683716, 15.665791522026399
0.2515626847743988, 0.13108731806278229, 119, 190.40116882324219, 1.1200000047683716, 15.665791522026399
0.2515626847743988, 0.13108731806278229, 119, 190.40116882324219, 1.1200000047683716, 15.665791522026399
0.2515626847743988, 0.13108731806278229, 119, 190.40116882324219, 1.1200000047683716, 15.665791522026399
0.2515626847743988, 0.13108731806278229, 119, 190.40116882324219, 1.1200000047683716, 15.665791522026399
0.2515626847743988, 0.13108731806278229, 119, 190.40116882324219, 1.1200000047683716, 15.665791522026399
0.45684728026390076, -0.095932707190513611, 116, 188.493408203125, 1.1000000238418579, 15.670005695016513
0.45684728026390076, -0.095932707190513611, 116, 189.50138854980469, 1.1000000238418579, 15.670005695016513
0.45684728026390076, -0.095932707190513611, 116, 189.50138854980469, 1.1000000238418579, 15.670005695016513
0.45684728026390076, -0.095932707190513611, 116, 190.72312927246094, 1.1000000238418579, 15.670005695016513
0.45684728026390076, -0.095932707190513611, 116, 190.72312927246094, 1.1000000238418579, 15.670005695016513
0.45684728026390076, -0.095932707190513611, 116, 190.72312927246094, 1.1000000238418579, 15.670005695016513
0.34676319360733032, -0.028021609410643578, 120, 192.30355834960938, 1.128000020980835, 15.669203884000513
0.34676319360733032, -0.028021609410643578, 120, 192.30355834960938, 1.128000020980835, 15.669203884000513
0.34676319360733032, -0.028021609410643578, 120, 192.30355834960938, 1.128000020980835, 15.669203884000513
0.34676319360733032, -0.028021609410643578, 120, 191.99180603027344, 1.128000020980835, 15.669203884000513
0.34676319360733032, -0.028021609410643578, 120, 191.99180603027344, 1.128000020980835, 15.669203884000513
0.50403815507888794, 0.059409059584140778, 117, 191.60821533203125, 1.1099998950958252, 15.669522797383717
0.50403815507888794, 0.059409059584140778, 117, 191.60821533203125, 1.1099998950958252, 15.669522797383717
0.50403815507888794, 0.059409059584140778, 117, 191.60821533203125, 1.1099998950958252, 15.669522797383717
0.31959199905395508, -0.04639497771859169, 126, 192.47140502929688, 1.0639998912811279, 15.671714145451048
0.31959199905395508, -0.04639497771859169, 126, 192.47140502929688, 1.0639998912811279, 15.671714145451048
0.31959199905395508, -0.04639497771859169, 126, 192.47140502929688, 1.0639998912811279, 15.671714145451048
0.31959199905395508, -0.04639497771859169, 126, 192.47140502929688, 1.0639998912811279, 15.671714145451048
0.31959199905395508, -0.04639497771859169, 126, 192.47140502929688, 1.0639998912811279, 15.671714145451048
0.26404553651809692, -0.027182389050722122, 116, 196.10137939453125, 1.1159999370574951, 15.67142895431985
0.26404553651809692, -0.027182389050722122, 116, 197.13357543945313, 1.1159999370574951, 15.67142895431985
0.26404553651809692, -0.027182389050722122, 116, 197.13357543945313, 1.1159999370574951, 15.67142895431985
0.26404553651809692, -0.027182389050722122, 116, 197.13357543945313, 1.1159999370574951, 15.67142895431985
0.46518868207931519, -0.060903307050466537, 120, 195.1109619140625, 1.0800000429153442, 15.668857839598569
0.46518868207931519, -0.060903307050466537, 120, 195.1109619140625, 1.0800000429153442, 15.668857839598569
0.46518868207931519, -0.060903307050466537, 120, 195.1109619140625, 1.0800000429153442, 15.668857839598569
0.46518868207931519, -0.060903307050466537, 120, 193.84365844726563, 1.0800000429153442, 15.668857839598569
0.46518868207931519, -0.060903307050466537, 120, 193.84365844726563, 1.0800000429153442, 15.668857839598569
0.064210094511508942, -0.15420322120189667, 128, 193.22987365722656, 1.1000000238418579, 15.66771517071046
0.064210094511508942, -0.15420322120189667, 128, 192.66580200195313, 1.1000000238418579, 15.66771517071046
0.064210094511508942, -0.15420322120189667, 128, 192.66580200195313, 1.1000000238418579, 15.66771517071046
0.064210094511508942, -0.15420322120189667, 128, 192.66580200195313, 1.1000000238418579, 15.66771517071046
0.064210094511508942, -0.15420322120189667, 128, 192.66580200195313, 1.1000000238418579, 15.66771517071046
0.39124244451522827, 0.032800894230604172, 128, 193.53977966308594, 1.0800000429153442, 15.669829569392075
0.39124244451522827, 0.032800894230604172, 128, 193.53977966308594, 1.0800000429153442, 15.669829569392075
0.39124244451522827, 0.032800894230604172, 128, 193.53977966308594, 1.0800000429153442, 15.669829569392075
0.39124244451522827, 0.032800894230604172, 128, 193.53977966308594, 1.0800000429153442, 15.669829569392075
0.60145771503448486, -0.052577011287212372, 124, 192.58683776855469, 1.0399999618530273, 15.670698208645494
0.60145771503448486, -0.052577011287212372, 124, 192.53733825683594, 1.0399999618530273, 15.670698208645494
0.60145771503448486, -0.052577011287212372, 124, 192.53733825683594, 1.0399999618530273, 15.670698208645494
0.60145771503448486, -0.052577011287212372, 124, 192.53733825683594, 1.0399999618530273, 15.670698208645494
0.25533914566040039, -0.12123458087444305, 122, 192.9183349609375, 1.062000036239624, 15.670419392206334
0.25533914566040039, -0.12123458087444305, 122, 192.9183349609375, 1.062000036239624, 15.670419392206334
0.25533914566040039, -0.12123458087444305, 122, 192.9183349609375, 1.062000036239624, 15.670419392206334
0.25533914566040039, -0.12123458087444305, 122, 192.9183349609375, 1.062000036239624, 15.670419392206334
0.25533914566040039, -0.12123458087444305, 122, 192.9183349609375, 1.062000036239624, 15.670419392206334
0.206743523478508, 0.018120169639587402, 118, 195.54188537597656, 1.062000036239624, 15.673852102389837
0.206743523478508, 0.018120169639587402, 118, 196.02256774902344, 1.062000036239624, 15.673852102389837
0.206743523478508, 0.018120169639587402, 118, 196.02256774902344, 1.062000036239624, 15.673852102389837
0.206743523478508, 0.018120169639587402, 118, 196.02256774902344, 1.062000036239624, 15.673852102389837
0.040762156248092651, 0.091172344982624054, 115, 200.06582641601563, 1.0699999332427979, 15.673511728546018
0.040762156248092651, 0.091172344982624054, 115, 200.06582641601563, 1.0699999332427979, 15.673511728546018
0.040762156248092651, 0.091172344982624054, 115, 200.06582641601563, 1.0699999332427979, 15.673511728546018
0.040762156248092651, 0.091172344982624054, 115, 200.06582641601563, 1.0699999332427979, 15.673511728546018
0.040762156248092651, 0.091172344982624054, 115, 200.06582641601563, 1.0699999332427979, 15.673511728546018
-0.090523049235343933, 0.31909254193305969, 127, 222.45964050292969, 1.059999942779541, 15.669307504172005
-0.090523049235343933, 0.31909254193305969, 127, 237.31265258789063, 1.059999942779541, 15.669307504172005
-0.090523049235343933, 0.31909254193305969, 127, 237.31265258789063, 1.059999942779541, 15.669307504172005
-0.090523049235343933, 0.31909254193305969, 127, 237.31265258789063, 1.059999942779541, 15.669307504172005
-0.090523049235343933, 0.31909254193305969, 127, 237.31265258789063, 1.059999942779541, 15.669307504172005
0.033940043300390244, 0.3223537802696228, 116, 249.4952392578125, 1.0499999523162842, 15.668784969477162
0.033940043300390244, 0.3223537802696228, 116, 249.4952392578125, 1.0499999523162842, 15.668784969477162
0.033940043300390244, 0.3223537802696228, 116, 249.4952392578125, 1.0499999523162842, 15.668784969477162
0.033940043300390244, 0.3223537802696228, 116, 249.4952392578125, 1.0499999523162842, 15.668784969477162
0.012989102862775326, 0.32529336214065552, 118, 280.64068603515625, 1.059999942779541, 15.672071448701443
0.012989102862775326, 0.32529336214065552, 118, 301.55902099609375, 1.059999942779541, 15.672071448701443
0.012989102862775326, 0.32529336214065552, 118, 301.55902099609375, 1.059999942779541, 15.672071448701443
0.012989102862775326, 0.32529336214065552, 118, 301.55902099609375, 1.059999942779541, 15.672071448701443
0.012989102862775326, 0.32529336214065552, 118, 301.55902099609375, 1.059999942779541, 15.672071448701443
0.012989102862775326, 0.32529336214065552, 118, 301.55902099609375, 1.059999942779541, 15.672071448701443
0.012989102862775326, 0.32529336214065552, 118, 301.55902099609375, 1.059999942779541, 15.672071448701443
0.012989102862775326, 0.32529336214065552, 118, 301.55902099609375, 1.059999942779541, 15.672071448701443
-0.095350883901119232, 0.25427401065826416, 119, 12.746668815612793, 1.0499999523162842, 15.667706468740787
-0.095350883901119232, 0.25427401065826416, 119, 12.746668815612793, 1.0499999523162842, 15.667706468740787
-0.095350883901119232, 0.25427401065826416, 119, 26.527462005615234, 1.0499999523162842, 15.667706468740787
-0.095350883901119232, 0.25427401065826416, 119, 26.527462005615234, 1.0499999523162842, 15.667706468740787
-0.095350883901119232, 0.25427401065826416, 119, 26.527462005615234, 1.0499999523162842, 15.667706468740787
0.17080749571323395, 0.089240297675132751, 114, 33.665515899658203, 1.0399999618530273, 15.670224348216024
0.17080749571323395, 0.089240297675132751, 114, 33.665515899658203, 1.0399999618530273, 15.670224348216024
0.17080749571323395, 0.089240297675132751, 114, 35.13079833984375, 1.0399999618530273, 15.670224348216024
0.17080749571323395, 0.089240297675132751, 114, 35.13079833984375, 1.0399999618530273, 15.670224348216024
0.17080749571323395, 0.089240297675132751, 114, 35.13079833984375, 1.0399999618530273, 15.670224348216024
0.054874289780855179, -0.054980572313070297, 123, 35.277008056640625, 1.0579999685287476, 15.672935075979078
0.054874289780855179, -0.054980572313070297, 123, 35.817882537841797, 1.0579999685287476, 15.672935075979078
0.054874289780855179, -0.054980572313070297, 123, 35.817882537841797, 1.0579999685287476, 15.672935075979078
0.054874289780855179, -0.054980572313070297, 123, 35.817882537841797, 1.0579999685287476, 15.672935075979078
0.33997321128845215, 0.014755120500922203, 120, 37.960216522216797, 1.0439999103546143, 15.670561512641935
0.33997321128845215, 0.014755120500922203, 120, 37.960216522216797, 1.0439999103546143, 15.670561512641935
0.33997321128845215, 0.014755120500922203, 120, 37.960216522216797, 1.0439999103546143, 15.670561512641935
0.33997321128845215, 0.014755120500922203, 120, 37.960216522216797, 1.0439999103546143, 15.670561512641935
0.33997321128845215, 0.014755120500922203, 120, 37.960216522216797, 1.0439999103546143, 15.670561512641935
0.28788000345230103, 0.10814490169286728, 142, 41.555416107177734, 1.0099999904632568, 15.664737374517493
0.28788000345230103, 0.10814490169286728, 142, 40.857097625732422, 1.0099999904632568, 15.664737374517493
0.28788000345230103, 0.10814490169286728, 142, 40.857097625732422, 1.0099999904632568, 15.664737374517493
0.28788000345230103, 0.10814490169286728, 142, 40.857097625732422, 1.0099999904632568, 15.664737374517493
0.32182475924491882, -0.062094870954751968, 129, 40.557579040527344, 1.059999942779541, 15.667642891599339
0.32182475924491882, -0.062094870954751968, 129, 40.557579040527344, 1.059999942779541, 15.667642891599339
0.32182475924491882, -0.062094870954751968, 129, 40.557579040527344, 1.059999942779541, 15.667642891599339
0.32182475924491882, -0.062094870954751968, 129, 40.557579040527344, 1.059999942779541, 15.667642891599339
0.32182475924491882, -0.062094870954751968, 129, 40.557579040527344, 1.059999942779541, 15.667642891599339
0.59691643714904785, -0.097781568765640259, 128, 42.497623443603516, 1.0499999523162842, 15.670586201935599
0.59691643714904785, -0.097781568765640259, 128, 43.565303802490234, 1.0499999523162842, 15.670586201935599
0.59691643714904785, -0.097781568765640259, 128, 43.565303802490234, 1.0499999523162842, 15.670586201935599
0.59691643714904785, -0.097781568765640259, 128, 43.565303802490234, 1.0499999523162842, 15.670586201935599
0.59691643714904785, -0.097781568765640259, 128, 43.565303802490234, 1.0499999523162842, 15.670586201935599
0.73063457012176514, 0.046501755714416504, 120, 42.950786590576172, 1.0199999809265137, 15.668752188153887
0.73063457012176514, 0.046501755714416504, 120, 42.950786590576172, 1.0199999809265137, 15.668752188153887
0.21153837442398071, 0.02048010379076004, 124, 41.794448852539063, 1.059999942779541, 15.667251779835173
0.21153837442398071, 0.02048010379076004, 124, 41.794448852539063, 1.059999942779541, 15.667251779835173
0.21153837442398071, 0.02048010379076004, 124, 41.794448852539063, 1.059999942779541, 15.667251779835173
0.21153837442398071, 0.02048010379076004, 124, 43.528820037841797, 1.059999942779541, 15.667251779835173
0.21153837442398071, 0.02048010379076004, 124, 43.528820037841797, 1.059999942779541, 15.667251779835173
0.21153837442398071, 0.02048010379076004, 124, 43.528820037841797, 1.059999942779541, 15.667251779835173
0.55926835536956787, 0.015842359513044357, 113, 45.0340576171875, 1.0499999523162842, 15.670351534867777
0.55926835536956787, 0.015842359513044357, 113, 46.665679931640625, 1.0499999523162842, 15.670351534867777
0.55926835536956787, 0.015842359513044357, 113, 46.665679931640625, 1.0499999523162842, 15.670351534867777
0.58323585987091064, 0.064675077795982361, 125, 46.85565185546875, 0.98999994993209839, 15.67141138794932
0.58323585987091064, 0.064675077795982361, 125, 46.85565185546875, 0.98999994993209839, 15.67141138794932
0.58323585987091064, 0.064675077795982361, 125, 45.988117218017578, 0.98999994993209839, 15.67141138794932
0.58323585987091064, 0.064675077795982361, 125, 45.988117218017578, 0.98999994993209839, 15.67141138794932
0.58323585987091064, 0.064675077795982361, 125, 45.988117218017578, 0.98999994993209839, 15.67141138794932
0.58323585987091064, 0.064675077795982361, 125, 45.988117218017578, 0.98999994993209839, 15.67141138794932
0.58323585987091064, 0.064675077795982361, 125, 45.988117218017578, 0.98999994993209839, 15.67141138794932
0.26068156957626343, -0.012743077240884304, 135, 47.486515045166016, 1.0639998912811279, 15.662847299686426
0.26068156957626343, -0.012743077240884304, 135, 47.486515045166016, 1.0639998912811279, 15.662847299686426
0.44809204339981079, -0.060515303164720535, 119, 49.023712158203125, 1.0559999942779541, 15.663708846613911
0.44809204339981079, -0.060515303164720535, 119, 49.023712158203125, 1.0559999942779541, 15.663708846613911
0.44809204339981079, -0.060515303164720535, 119, 49.360157012939453, 1.0559999942779541, 15.663708846613911
0.44809204339981079, -0.060515303164720535, 119, 49.360157012939453, 1.0559999942779541, 15.663708846613911
0.44809204339981079, -0.060515303164720535, 119, 49.360157012939453, 1.0559999942779541, 15.663708846613911
0.44809204339981079, -0.060515303164720535, 119, 49.360157012939453, 1.0559999942779541, 15.663708846613911
0.48127958178520203, 0.087012380361557007, 134, 49.046333312988281, 1.0, 15.667025774832666
0.48127958178520203, 0.087012380361557007, 134, 49.046333312988281, 1.0, 15.667025774832666
0.48127958178520203, 0.087012380361557007, 134, 49.046333312988281, 1.0, 15.667025774832666
0.48127958178520203, 0.087012380361557007, 134, 49.046333312988281, 1.0, 15.667025774832666
0.48127958178520203, 0.087012380361557007, 134, 49.046333312988281, 1.0, 15.667025774832666
0.039414744824171066, -0.1064574345946312, 139, 49.563102722167969, 1.059999942779541, 15.667415931819161
0.039414744824171066, -0.1064574345946312, 139, 49.563102722167969, 1.059999942779541, 15.667415931819161
0.039414744824171066, -0.1064574345946312, 139, 49.563102722167969, 1.059999942779541, 15.667415931819161
0.039414744824171066, -0.1064574345946312, 139, 49.563102722167969, 1.059999942779541, 15.667415931819161
0.039414744824171066, -0.1064574345946312, 139, 49.563102722167969, 1.059999942779541, 15.667415931819161
0.24881225824356079, -0.076418660581111908, 131, 53.715518951416016, 1.0679999589920044, 15.641250025626968
0.24881225824356079, -0.076418660581111908, 131, 53.715518951416016, 1.0679999589920044, 15.641250025626968
0.47085952758789063, 0.055483154952526093, 130, 53.346050262451172, 1.0199999809265137, 15.651150481669278
0.47085952758789063, 0.055483154952526093, 130, 53.346050262451172, 1.0199999809265137, 15.651150481669278
0.47085952758789063, 0.055483154952526093, 130, 53.655849456787109, 1.0199999809265137, 15.651150481669278
0.47085952758789063, 0.055483154952526093, 130, 53.655849456787109, 1.0199999809265137, 15.651150481669278
0.47085952758789063, 0.055483154952526093, 130, 53.655849456787109, 1.0199999809265137, 15.651150481669278
0.47085952758789063, 0.055483154952526093, 130, 53.655849456787109, 1.0199999809265137, 15.651150481669278
0.11097811907529831, 0.035837158560752869, 131, 54.705715179443359, 1.059999942779541, 15.659890755572434
0.11097811907529831, 0.035837158560752869, 131, 54.705715179443359, 1.059999942779541, 15.659890755572434
0.11097811907529831, 0.035837158560752869, 131, 54.705715179443359, 1.059999942779541, 15.659890755572434
0.11097811907529831, 0.035837158560752869, 131, 54.705715179443359, 1.059999942779541, 15.659890755572434
0.47443607449531555, -0.083302691578865051, 134, 58.049491882324219, 1.0399999618530273, 15.661934920075026
0.47443607449531555, -0.083302691578865051, 134, 60.189922332763672, 1.0399999618530273, 15.661934920075026
0.47443607449531555, -0.083302691578865051, 134, 60.189922332763672, 1.0399999618530273, 15.661934920075026
0.47443607449531555, -0.083302691578865051, 134, 60.189922332763672, 1.0399999618530273, 15.661934920075026
0.26769569516181946, 0.16690024733543396, 136, 59.660064697265625, 1.0, 15.661161418795517
0.26769569516181946, 0.16690024733543396, 136, 59.660064697265625, 1.0, 15.661161418795517
0.26769569516181946, 0.16690024733543396, 136, 59.660064697265625, 1.0, 15.661161418795517
0.26769569516181946, 0.16690024733543396, 136, 59.660064697265625, 1.0, 15.661161418795517
0.26769569516181946, 0.16690024733543396, 136, 59.660064697265625, 1.0, 15.661161418795517
0.26769569516181946, 0.16690024733543396, 136, 59.660064697265625, 1.0, 15.661161418795517
-0.053952708840370178, -0.01635337620973587, 121, 59.161998748779297, 1.0559999942779541, 15.663897318057053
-0.053952708840370178, -0.01635337620973587, 121, 59.161998748779297, 1.0559999942779541, 15.663897318057053
-0.053952708840370178, -0.01635337620973587, 121, 59.161998748779297, 1.0559999942779541, 15.663897318057053
-0.053952708840370178, -0.01635337620973587, 121, 59.161998748779297, 1.0559999942779541, 15.663897318057053
0.25710666179656982, -0.0067553631961345673, 129, 60.352336883544922, 1.0260000228881836, 15.666338857691123
0.25710666179656982, -0.0067553631961345673, 129, 60.352336883544922, 1.0260000228881836, 15.666338857691123
0.25710666179656982, -0.0067553631961345673, 129, 60.551628112792969, 1.0260000228881836, 15.666338857691123
0.25710666179656982, -0.0067553631961345673, 129, 60.551628112792969, 1.0260000228881836, 15.666338857691123
0.25710666179656982, -0.0067553631961345673, 129, 60.551628112792969, 1.0260000228881836, 15.666338857691123
0.065630890429019928, -0.01497543603181839, 131, 60.69476318359375, 1.0399999618530273, 15.664603781482095
0.065630890429019928, -0.01497543603181839, 131, 60.69476318359375, 1.0399999618530273, 15.664603781482095
