opt_m_x, opt_m_y, opt_qua, yaw, alt, battery_V
0.0080356663092970848, -0.019182795658707619, 0, 118.18959045410156, 0.0, 15.600358854408064
0.0080083506181836128, -0.01894192211329937, 0, 118.18959045410156, 0.0, 15.59781577753386
0.0082492232322692871, -0.019135614857077599, 0, 118.18959045410156, 0.0, 15.597089931360628
0.10499396920204163, -0.04700995609164238, 0, 118.18959045410156, 0.0, 15.599854423687066
-0.96996784210205078, -0.72104793787002563, 92, 118.18959045410156, 0.14000000059604645, 15.602313119160762
-0.10492402315139771, -0.31217232346534729, 105, 118.18959045410156, 0.27000001072883606, 15.598188336420151
-0.10492402315139771, -0.31217232346534729, 105, 118.18959045410156, 0.27000001072883606, 15.598188336420151
-0.5402071475982666, -0.20665240287780762, 121, 118.18959045410156, 1.1399999856948853, 15.57990854391093
-0.0054821819067001343, -0.096444323658943176, 112, 118.18959045410156, 1.1599999666213989, 15.587945590783768
-0.070934779942035675, 0.07584264874458313, 111, 118.18959045410156, 1.1599999666213989, 15.572367818795108
-0.16418294608592987, 0.073773078620433807, 115, 118.18959045410156, 1.1399999856948853, 15.579421155474886
-0.070324204862117767, 0.004665665328502655, 122, 118.18959045410156, 1.1619999408721924, 15.588053157716484
-0.41193902492523193, -0.10684217512607574, 123, 358.369873046875, 1.1679999828338623, 15.589632359213601
-0.53161841630935669, 0.040597185492515564, 125, 359.81134033203125, 1.1299999952316284, 15.589379880131641
-0.0029314234852790833, -0.14403390884399414, 121, 2.9561731815338135, 1.1699999570846558, 15.592428392724129
-0.34521672129631042, -0.12098398804664612, 121, 2.5934178829193115, 1.1619999408721924, 15.593857500346344
-0.3564445972442627, -0.065299414098262787, 130, 4.0954337120056152, 1.1139999628067017, 15.596314964977587
-0.24170398712158203, -0.017107859253883362, 123, 6.1386480331420898, 1.1499999761581421, 15.596589443797042
-0.24170398712158203, -0.017107859253883362, 123, 5.0288496017456055, 1.1499999761581421, 15.596589443797042
-0.64703500270843506, -0.0060156458057463169, 115, 2.5090961456298828, 1.0880000591278076, 15.593554131047576
-0.34429880976676941, -0.27833446860313416, 115, 4.296515941619873, 1.121999979019165, 15.589732943295726
-0.34429880976676941, -0.27833446860313416, 115, 1.3564406633377075, 1.121999979019165, 15.589732943295726
-0.74995172023773193, -0.045081540942192078, 119, 2.0844411849975586, 1.0800000429153442, 15.58238460239814
-0.16073821485042572, -0.13644981384277344, 128, 4.0261869430541992, 1.121999979019165, 15.585031225869564
-0.64789009094238281, -0.077826112508773804, 119, 1.9510414600372314, 1.1200000047683716, 15.589419200057243
-0.58907294273376465, -0.027971699833869934, 127, 3.6007874011993408, 1.1000000238418579, 15.572051984376444
-0.4161846935749054, -0.16021420061588287, 129, 2.1487865447998047, 1.1200000047683716, 15.584431654893645
-0.27649703621864319, -0.053739834576845169, 115, 355.27032470703125, 1.1159999370574951, 15.583459457373952
-0.50046992301940918, -0.028287304565310478, 124, 352.16412353515625, 1.0800000429153442, 15.585276138874717
-0.57432031631469727, -0.098618566989898682, 120, 347.35476684570313, 1.0820000171661377, 15.58676614782445
-0.57432031631469727, -0.098618566989898682, 120, 347.35476684570313, 1.0820000171661377, 15.58676614782445
-0.57432031631469727, -0.098618566989898682, 120, 343.235595703125, 1.0820000171661377, 15.58676614782445
-0.57432031631469727, -0.098618566989898682, 120, 341.15069580078125, 1.0820000171661377, 15.58676614782445
-0.20870022475719452, -0.13179534673690796, 119, 340.1595458984375, 1.0920000076293945, 15.590060153265577
-0.26457357406616211, -0.037272147834300995, 124, 341.46096801757813, 1.0800000429153442, 15.593236556626671
-0.4567863941192627, -0.1005832627415657, 119, 339.55380249023438, 1.0659999847412109, 15.586742398593888
-0.38013258576393127, 0.11622503399848938, 119, 338.97036743164063, 1.0579999685287476, 15.592045903756475
-0.97957432270050049, -0.058676760643720627, 103, 342.69259643554688, 1.1000000238418579, 15.596428006998355
-0.97957432270050049, -0.058676760643720627, 103, 342.49807739257813, 1.1000000238418579, 15.596428006998355
-0.46533888578414917, 0.03242294117808342, 97, 351.76651000976563, 1.059999942779541, 15.596257269006237
-0.3983914852142334, 0.045400775969028473, 97, 353.79046630859375, 1.0699999332427979, 15.599354826254579
-0.45579606294631958, 0.072508439421653748, 106, 358.92617797851563, 1.059999942779541, 15.597213360617832
-0.34225529432296753, -0.024808857589960098, 115, 9.6466493606567383, 1.0679999589920044, 15.593128481143003
-0.18509788811206818, -0.074182629585266113, 114, 17.126300811767578, 1.0699999332427979, 15.595477553432241
-0.29222619533538818, 0.10149994492530823, 122, 19.206771850585938, 1.1000000238418579, 15.595286996837949
-0.12873771786689758, 0.12980233132839203, 106, 15.28863525390625, 1.1099998950958252, 15.59597266288875
-0.33981716632843018, 0.0048627667129039764, 129, 6.8497428894042969, 1.062000036239624, 15.596384062535579
-0.33981716632843018, 0.0048627667129039764, 129, 351.52984619140625, 1.062000036239624, 15.596384062535579
-0.33585035800933838, 0.010053873062133789, 118, 341.11508178710938, 1.0719999074935913, 15.592230902267922
-0.15185096859931946, 0.16103026270866394, 102, 319.64093017578125, 1.1099998950958252, 15.588139005984463
-0.52365291118621826, 0.30265533924102783, 97, 301.79812622070313, 1.1099998950958252, 15.593283868230079
0.80061578750610352, 0.076759323477745056, 103, 292.93994140625, 1.0699999332427979, 15.59357078565839
-1.5825459957122803, 0.20019656419754028, 93, 277.23919677734375, 1.059999942779541, 15.585342935997046
-1.2561668157577515, 0.0017193257808685303, 94, 270.5186767578125, 1.0699999332427979, 15.590006226147123
-1.0477688312530518, 9.8019838333129883e-05, 78, 267.5576171875, 1.1599999666213989, 15.579682984143057
-1.0965347290039063, -0.081728100776672363, 59, 267.5084228515625, 1.1699999570846558, 15.571810254679249
-0.85365766286849976, -0.2541084885597229, 63, 267.89093017578125, 1.1719999313354492, 15.567086616813265
-0.25384047627449036, -0.10408741980791092, 59, 264.81643676757813, 1.187999963760376, 15.580652434225433
-0.80045419931411743, -0.00056120543740689754, 39, 266.81375122070313, 1.1800000667572021, 15.586791924966365
-1.1256219148635864, -0.20588527619838715, 32, 264.8995361328125, 1.1840000152587891, 15.590475619557301
-0.24284285306930542, 0.095427267253398895, 38, 264.24710083007813, 1.187999963760376, 15.59388583641757
-0.15673965215682983, -0.011926591396331787, 37, 265.86724853515625, 1.2000000476837158, 15.59388583641757
0.31722509860992432, -0.027394769713282585, 0, 263.7078857421875, 1.1699999570846558, 15.591531966549473
-0.099789857864379883, -0.049863740801811218, 0, 263.75665283203125, 1.1499999761581421, 15.591719644596335
0.15627162158489227, -0.23333816230297089, 32, 264.60528564453125, 1.1800000667572021, 15.593032251446809
0.087361782789230347, 0.046739287674427032, 27, 262.68682861328125, 1.1699999570846558, 15.591819815558585
-0.028288725763559341, -0.075303345918655396, 27, 266.0828857421875, 1.1540000438690186, 15.589892353978863
-0.64049166440963745, -0.22560228407382965, 27, 265.8760986328125, 1.1599999666213989, 15.570335876710896
-0.64049166440963745, -0.22560228407382965, 27, 262.91061401367188, 1.1599999666213989, 15.570335876710896
0.045344486832618713, -0.14128808677196503, 0, 263.53839111328125, 1.1759998798370361, 15.579801990199757
-0.42391124367713928, -0.069522425532341003, 0, 261.45404052734375, 1.1719999313354492, 15.583081658483
-0.42391124367713928, -0.069522425532341003, 0, 260.34249877929688, 1.1719999313354492, 15.583081658483
-0.42391124367713928, -0.069522425532341003, 0, 260.34249877929688, 1.1719999313354492, 15.583081658483
-0.42391124367713928, -0.069522425532341003, 0, 259.73965454101563, 1.1719999313354492, 15.583081658483
0.3751542866230011, 0.054150547832250595, 26, 260.98583984375, 1.1499999761581421, 15.590310140334491
-0.026461482048034668, 0.038095511496067047, 0, 259.03170776367188, 1.1959999799728394, 15.59378654887994
-0.026461482048034668, 0.038095511496067047, 0, 259.03170776367188, 1.1959999799728394, 15.59378654887994
-0.026461482048034668, 0.038095511496067047, 0, 259.03170776367188, 1.1959999799728394, 15.59378654887994
-0.03936135396361351, 0.022711435332894325, 0, 257.16317749023438, 1.1519999504089355, 15.592272394036449
-0.03936135396361351, 0.022711435332894325, 0, 252.89242553710938, 1.1519999504089355, 15.592272394036449
0.24031364917755127, -0.078519813716411591, 0, 254.29266357421875, 1.1800000667572021, 15.579363900915439
0.24031364917755127, -0.078519813716411591, 0, 250.54403686523438, 1.1800000667572021, 15.579363900915439
0.020280281081795692, -0.0058839074335992336, 0, 252.45233154296875, 1.1399999856948853, 15.579363900915439
0.020280281081795692, -0.0058839074335992336, 0, 252.8060302734375, 1.1399999856948853, 15.590018805009251
0.020280281081795692, -0.0058839074335992336, 0, 251.33486938476563, 1.1399999856948853, 15.590018805009251
0.020280281081795692, -0.0058839074335992336, 0, 250.95343017578125, 1.1399999856948853, 15.590018805009251
0.020280281081795692, -0.0058839074335992336, 0, 251.37701416015625, 1.1399999856948853, 15.590018805009251
0.1250469833612442, -0.048047620803117752, 0, 249.68478393554688, 1.1499999761581421, 15.590018805009251
0.1250469833612442, -0.048047620803117752, 0, 249.68478393554688, 1.1499999761581421, 15.590018805009251
0.1250469833612442, -0.048047620803117752, 0, 249.68478393554688, 1.1499999761581421, 15.590018805009251
0.1250469833612442, -0.048047620803117752, 0, 252.0654296875, 1.1499999761581421, 15.590018805009251
0.1250469833612442, -0.048047620803117752, 0, 252.0654296875, 1.1499999761581421, 15.590018805009251
0.1250469833612442, -0.048047620803117752, 0, 252.28399658203125, 1.1499999761581421, 15.590018805009251
0.1250469833612442, -0.048047620803117752, 0, 252.28399658203125, 1.1499999761581421, 15.590018805009251
0.1250469833612442, -0.048047620803117752, 0, 252.28399658203125, 1.1499999761581421, 15.590018805009251
0.1250469833612442, -0.048047620803117752, 0, 251.0970458984375, 1.1499999761581421, 15.590018805009251
0.051576264202594757, 0.38398680090904236, 34, 250.99375915527344, 1.0719999074935913, 15.587611747588442
0.051576264202594757, 0.38398680090904236, 34, 251.97103881835938, 1.0719999074935913, 15.587611747588442
0.051576264202594757, 0.38398680090904236, 34, 251.97103881835938, 1.0719999074935913, 15.587611747588442
-0.91854864358901978, 0.048918940126895905, 39, 250.42738342285156, 1.0499999523162842, 15.591367513156055
-0.91854864358901978, 0.048918940126895905, 39, 250.42738342285156, 1.0499999523162842, 15.591367513156055
-0.91854864358901978, 0.048918940126895905, 39, 251.13339233398438, 1.0499999523162842, 15.591367513156055
-0.91854864358901978, 0.048918940126895905, 39, 251.13339233398438, 1.0499999523162842, 15.591367513156055
-0.10316557437181473, -0.11310257017612457, 45, 251.269287109375, 1.1139999628067017, 15.587620972496758
-0.10316557437181473, -0.11310257017612457, 45, 250.07415771484375, 1.1139999628067017, 15.587620972496758
-0.10316557437181473, -0.11310257017612457, 45, 253.13848876953125, 1.1139999628067017, 15.587620972496758
-0.10316557437181473, -0.11310257017612457, 45, 252.83023071289063, 1.1139999628067017, 15.587620972496758
-0.10316557437181473, -0.11310257017612457, 45, 251.0927734375, 1.1139999628067017, 15.587620972496758
-0.10316557437181473, -0.11310257017612457, 45, 252.50238037109375, 1.1139999628067017, 15.587620972496758
-0.10316557437181473, -0.11310257017612457, 45, 251.55662536621094, 1.1139999628067017, 15.587620972496758
0.51805281639099121, 0.025097796693444252, 52, 248.84109497070313, 1.0920000076293945, 15.57017304778536
0.51805281639099121, 0.025097796693444252, 52, 248.84109497070313, 1.0920000076293945, 15.57017304778536
0.51805281639099121, 0.025097796693444252, 52, 250.03884887695313, 1.0920000076293945, 15.57017304778536
0.51805281639099121, 0.025097796693444252, 52, 250.03884887695313, 1.0920000076293945, 15.57017304778536
0.51805281639099121, 0.025097796693444252, 52, 250.19400024414063, 1.0920000076293945, 15.57017304778536
0.51805281639099121, 0.025097796693444252, 52, 250.19400024414063, 1.0920000076293945, 15.57017304778536
0.51805281639099121, 0.025097796693444252, 52, 250.19400024414063, 1.0920000076293945, 15.57017304778536
0.51805281639099121, 0.025097796693444252, 52, 250.19400024414063, 1.0920000076293945, 15.57017304778536
0.51805281639099121, 0.025097796693444252, 52, 250.352783203125, 1.0920000076293945, 15.57017304778536
0.51805281639099121, 0.025097796693444252, 52, 250.352783203125, 1.0920000076293945, 15.57017304778536
0.51805281639099121, 0.025097796693444252, 52, 248.04627990722656, 1.0920000076293945, 15.57017304778536
0.51805281639099121, 0.025097796693444252, 52, 248.04627990722656, 1.0920000076293945, 15.57017304778536
0.51805281639099121, 0.025097796693444252, 52, 248.04627990722656, 1.0920000076293945, 15.57017304778536
0.51805281639099121, 0.025097796693444252, 52, 248.04627990722656, 1.0920000076293945, 15.57017304778536
0.51805281639099121, 0.025097796693444252, 52, 248.04627990722656, 1.0920000076293945, 15.57017304778536
0.51805281639099121, 0.025097796693444252, 52, 248.04627990722656, 1.0920000076293945, 15.57017304778536
0.51805281639099121, 0.025097796693444252, 52, 248.04627990722656, 1.0920000076293945, 15.57017304778536
0.51805281639099121, 0.025097796693444252, 52, 248.04627990722656, 1.0920000076293945, 15.57017304778536
0.51805281639099121, 0.025097796693444252, 52, 248.04627990722656, 1.0920000076293945, 15.57017304778536
0.51805281639099121, 0.025097796693444252, 52, 248.04627990722656, 1.0920000076293945, 15.57017304778536
0.51805281639099121, 0.025097796693444252, 52, 248.04627990722656, 1.0920000076293945, 15.57017304778536
0.51805281639099121, 0.025097796693444252, 52, 248.04627990722656, 1.0920000076293945, 15.57017304778536
0.51805281639099121, 0.025097796693444252, 52, 248.04627990722656, 1.0920000076293945, 15.57017304778536
0.51805281639099121, 0.025097796693444252, 52, 248.04627990722656, 1.0920000076293945, 15.57017304778536
0.51805281639099121, 0.025097796693444252, 52, 248.04627990722656, 1.0920000076293945, 15.57017304778536
0.51805281639099121, 0.025097796693444252, 52, 248.04627990722656, 1.0920000076293945, 15.57017304778536
0.51805281639099121, 0.025097796693444252, 52, 248.04627990722656, 1.0920000076293945, 15.57017304778536
0.51805281639099121, 0.025097796693444252, 52, 248.04627990722656, 1.0920000076293945, 15.57017304778536
0.51805281639099121, 0.025097796693444252, 52, 248.04627990722656, 1.0920000076293945, 15.57017304778536
0.51805281639099121, 0.025097796693444252, 52, 248.04627990722656, 1.0920000076293945, 15.57017304778536
0.51805281639099121, 0.025097796693444252, 52, 248.04627990722656, 1.0920000076293945, 15.57017304778536
0.51805281639099121, 0.025097796693444252, 52, 248.04627990722656, 1.0920000076293945, 15.57017304778536
0.51805281639099121, 0.025097796693444252, 52, 248.04627990722656, 1.0920000076293945, 15.57017304778536
0.51805281639099121, 0.025097796693444252, 52, 248.04627990722656, 1.0920000076293945, 15.57017304778536
0.51805281639099121, 0.025097796693444252, 52, 248.04627990722656, 1.0920000076293945, 15.57017304778536
0.51805281639099121, 0.025097796693444252, 52, 248.04627990722656, 1.0920000076293945, 15.57017304778536
0.51805281639099121, 0.025097796693444252, 52, 248.04627990722656, 1.0920000076293945, 15.57017304778536
0.51805281639099121, 0.025097796693444252, 52, 248.04627990722656, 1.0920000076293945, 15.57017304778536
0.51805281639099121, 0.025097796693444252, 52, 248.04627990722656, 1.0920000076293945, 15.57017304778536
0.51805281639099121, 0.025097796693444252, 52, 248.04627990722656, 1.0920000076293945, 15.57017304778536
0.51805281639099121, 0.025097796693444252, 52, 248.04627990722656, 1.0920000076293945, 15.57017304778536
0.51805281639099121, 0.025097796693444252, 52, 248.04627990722656, 1.0920000076293945, 15.57017304778536
0.51805281639099121, 0.025097796693444252, 52, 248.04627990722656, 1.0920000076293945, 15.57017304778536
0.51805281639099121, 0.025097796693444252, 52, 248.04627990722656, 1.0920000076293945, 15.57017304778536
0.51805281639099121, 0.025097796693444252, 52, 248.04627990722656, 1.0920000076293945, 15.57017304778536
0.51805281639099121, 0.025097796693444252, 52, 248.04627990722656, 1.0920000076293945, 15.57017304778536
0.51805281639099121, 0.025097796693444252, 52, 248.04627990722656, 1.0920000076293945, 15.57017304778536
0.51805281639099121, 0.025097796693444252, 52, 248.04627990722656, 1.0920000076293945, 15.57017304778536
0.51805281639099121, 0.025097796693444252, 52, 248.04627990722656, 1.0920000076293945, 15.57017304778536
0.51805281639099121, 0.025097796693444252, 52, 248.04627990722656, 1.0920000076293945, 15.57017304778536
0.51805281639099121, 0.025097796693444252, 52, 248.04627990722656, 1.0920000076293945, 15.57017304778536
0.51805281639099121, 0.025097796693444252, 52, 248.04627990722656, 1.0920000076293945, 15.57017304778536
0.51805281639099121, 0.025097796693444252, 52, 248.04627990722656, 1.0920000076293945, 15.57017304778536
0.51805281639099121, 0.025097796693444252, 52, 248.04627990722656, 1.0920000076293945, 15.57017304778536
0.51805281639099121, 0.025097796693444252, 52, 248.04627990722656, 1.0920000076293945, 15.57017304778536
0.51805281639099121, 0.025097796693444252, 52, 248.04627990722656, 1.0920000076293945, 15.57017304778536
0.51805281639099121, 0.025097796693444252, 52, 248.04627990722656, 1.0920000076293945, 15.57017304778536
0.51805281639099121, 0.025097796693444252, 52, 248.04627990722656, 1.0920000076293945, 15.57017304778536
0.51805281639099121, 0.025097796693444252, 52, 248.04627990722656, 1.0920000076293945, 15.57017304778536
0.51805281639099121, 0.025097796693444252, 52, 248.04627990722656, 1.0920000076293945, 15.57017304778536
0.51805281639099121, 0.025097796693444252, 52, 248.04627990722656, 1.0920000076293945, 15.57017304778536
0.51805281639099121, 0.025097796693444252, 52, 248.04627990722656, 1.0920000076293945, 15.57017304778536
0.51805281639099121, 0.025097796693444252, 52, 248.04627990722656, 1.0920000076293945, 15.57017304778536
0.51805281639099121, 0.025097796693444252, 52, 248.04627990722656, 1.0920000076293945, 15.57017304778536
0.51805281639099121, 0.025097796693444252, 52, 248.04627990722656, 1.0920000076293945, 15.57017304778536
0.51805281639099121, 0.025097796693444252, 52, 248.04627990722656, 1.0920000076293945, 15.57017304778536
0.51805281639099121, 0.025097796693444252, 52, 248.04627990722656, 1.0920000076293945, 15.57017304778536
0.51805281639099121, 0.025097796693444252, 52, 248.04627990722656, 1.0920000076293945, 15.57017304778536
0.51805281639099121, 0.025097796693444252, 52, 248.04627990722656, 1.0920000076293945, 15.57017304778536
0.51805281639099121, 0.025097796693444252, 52, 248.04627990722656, 1.0920000076293945, 15.57017304778536
0.51805281639099121, 0.025097796693444252, 52, 248.04627990722656, 1.0920000076293945, 15.57017304778536
0.51805281639099121, 0.025097796693444252, 52, 53.049537658691406, 1.0920000076293945, 15.57017304778536
-1.3396568298339844, -0.051775507628917694, 66, 51.613632202148438, 1.0499999523162842, 15.570904292709422
-0.21373005211353302, 0.22434213757514954, 69, 53.687217712402344, 1.0699999332427979, 15.560143039514401
-0.21373005211353302, 0.22434213757514954, 69, 53.687217712402344, 1.0699999332427979, 15.560143039514401
-1.5416833162307739, 0.09118594229221344, 67, 53.687217712402344, 1.0219999551773071, 15.560143039514401
-1.5416833162307739, 0.09118594229221344, 67, 52.781959533691406, 1.0219999551773071, 15.560143039514401
-0.13431039452552795, -0.095846205949783325, 71, 51.42156982421875, 1.0219999551773071, 15.568486287561356
-0.13431039452552795, -0.095846205949783325, 71, 50.097171783447266, 1.0219999551773071, 15.568486287561356
-0.13431039452552795, -0.095846205949783325, 71, 50.097171783447266, 1.0219999551773071, 15.568486287561356
-0.13431039452552795, -0.095846205949783325, 71, 49.389286041259766, 1.0219999551773071, 15.568486287561356
-0.13431039452552795, -0.095846205949783325, 71, 50.111038208007813, 1.0219999551773071, 15.568486287561356
-0.13431039452552795, -0.095846205949783325, 71, 51.835926055908203, 1.0219999551773071, 15.568486287561356
-0.13431039452552795, -0.095846205949783325, 71, 49.747486114501953, 1.0219999551773071, 15.568486287561356
-0.13431039452552795, -0.095846205949783325, 71, 50.264446258544922, 1.0219999551773071, 15.568486287561356
-0.13431039452552795, -0.095846205949783325, 71, 50.264446258544922, 1.0219999551773071, 15.568486287561356
-1.241466760635376, 0.006701149046421051, 70, 49.281387329101563, 1.0460000038146973, 15.558975805691325
-1.1380467414855957, -0.21151119470596313, 78, 49.257514953613281, 1.0420000553131104, 15.564585947191999
-1.1380467414855957, -0.21151119470596313, 78, 47.380802154541016, 1.0420000553131104, 15.564585947191999
-1.1111429929733276, 0.10299678146839142, 72, 49.855644226074219, 1.059999942779541, 15.564585947191999
-1.32061767578125, -0.071689523756504059, 74, 47.885116577148438, 1.0499999523162842, 15.564585947191999
-1.2948542833328247, -0.038833647966384888, 74, 47.227645874023438, 1.0039999485015869, 15.566352032202317
-1.2948542833328247, -0.038833647966384888, 74, 47.670421600341797, 1.0039999485015869, 15.570211683292339
-1.2948542833328247, -0.038833647966384888, 74, 46.046287536621094, 1.0039999485015869, 15.570211683292339
-1.2948542833328247, -0.038833647966384888, 74, 47.439651489257813, 1.0039999485015869, 15.570211683292339
-1.2948542833328247, -0.038833647966384888, 74, 47.289768218994141, 1.0039999485015869, 15.570211683292339
-1.2948542833328247, -0.038833647966384888, 74, 44.392429351806641, 1.0039999485015869, 15.570211683292339
-1.2948542833328247, -0.038833647966384888, 74, 45.336448669433594, 1.0039999485015869, 15.570211683292339
-1.2948542833328247, -0.038833647966384888, 74, 46.004436492919922, 1.0039999485015869, 15.570211683292339
-1.2948542833328247, -0.038833647966384888, 74, 45.598033905029297, 1.0039999485015869, 15.570211683292339
-1.2948542833328247, -0.038833647966384888, 74, 44.851982116699219, 1.0039999485015869, 15.570211683292339
-1.2948542833328247, -0.038833647966384888, 74, 43.763065338134766, 1.0039999485015869, 15.570211683292339
-1.2948542833328247, -0.038833647966384888, 74, 46.036125183105469, 1.0039999485015869, 15.570211683292339
-1.2948542833328247, -0.038833647966384888, 74, 46.036125183105469, 1.0039999485015869, 15.570211683292339
-1.2948542833328247, -0.038833647966384888, 74, 46.036125183105469, 1.0039999485015869, 15.570211683292339
-1.2948542833328247, -0.038833647966384888, 74, 46.036125183105469, 1.0039999485015869, 15.570211683292339
-1.2948542833328247, -0.038833647966384888, 74, 42.006618499755859, 1.0039999485015869, 15.570211683292339
-1.2948542833328247, -0.038833647966384888, 74, 42.332080841064453, 1.0039999485015869, 15.570211683292339
-1.3508410453796387, -0.062914073467254639, 70, 39.482696533203125, 1.0399999618530273, 15.570927474014532
-0.72460371255874634, 0.12220636010169983, 63, 40.577953338623047, 1.0299999713897705, 15.571356948464913
-0.76611077785491943, -0.041812282055616379, 72, 41.275074005126953, 1.059999942779541, 15.56161463299637
-0.76611077785491943, -0.041812282055616379, 72, 40.930850982666016, 1.059999942779541, 15.56161463299637
-0.76611077785491943, -0.041812282055616379, 72, 41.356281280517578, 1.059999942779541, 15.56161463299637
-0.76611077785491943, -0.041812282055616379, 72, 42.353286743164063, 1.0499999523162842, 15.56161463299637
-0.24690701067447662, -0.053361702710390091, 50, 39.495136260986328, 1.0399999618530273, 15.562969243590256
-1.3818376064300537, 0.079580731689929962, 51, 39.615928649902344, 1.034000039100647, 15.56018200992524
-1.3818376064300537, 0.079580731689929962, 51, 40.044223785400391, 1.034000039100647, 15.56018200992524
-1.3818376064300537, 0.079580731689929962, 51, 38.926773071289063, 1.034000039100647, 15.56018200992524
-1.3818376064300537, 0.079580731689929962, 51, 38.926773071289063, 1.034000039100647, 15.56018200992524
-1.2506123781204224, -0.10545138269662857, 38, 38.915302276611328, 1.0499999523162842, 15.56018200992524
-1.2506123781204224, -0.10545138269662857, 38, 38.915302276611328, 1.0499999523162842, 15.56018200992524
-1.2506123781204224, -0.10545138269662857, 38, 40.207359313964844, 1.0499999523162842, 15.56018200992524
0.085688814520835876, 0.23870903253555298, 36, 37.203910827636719, 1.0759999752044678, 15.562109669713422
0.085688814520835876, 0.23870903253555298, 36, 37.087005615234375, 1.0759999752044678, 15.562109669713422
0.085688814520835876, 0.23870903253555298, 36, 37.087005615234375, 1.0759999752044678, 15.562109669713422
0.35623574256896973, 0.14746120572090149, 37, 35.790294647216797, 1.0199999809265137, 15.562109669713422
0.35623574256896973, 0.14746120572090149, 37, 36.151412963867188, 1.0199999809265137, 15.562109669713422
0.12480168044567108, -0.10178914666175842, 0, 33.830543518066406, 1.034000039100647, 15.568066265703816
-0.60627943277359009, -0.030837023630738258, 31, 34.902744293212891, 1.0039999485015869, 15.568066265703816
0.95656788349151611, 0.11348925530910492, 32, 34.033512115478516, 1.0699999332427979, 15.548840223100324
-0.13090239465236664, 0.043560467660427094, 0, 34.189823150634766, 1.0800000429153442, 15.556904597371906
-0.62411344051361084, -0.095460504293441772, 28, 34.961601257324219, 1.0299999713897705, 15.560543222109242
-0.29686969518661499, -0.11451020836830139, 35, 34.388957977294922, 1.0540000200271606, 15.55792639696687
0.17291370034217834, 0.053863763809204102, 37, 35.20733642578125, 1.059999942779541, 15.553956301783295
-0.57648473978042603, -0.097547881305217743, 30, 33.203964233398438, 1.0399999618530273, 15.564545010651818
-0.17997002601623535, 0.1509251594543457, 41, 32.511280059814453, 1.0099999904632568, 15.569527470324918
-0.17997002601623535, 0.1509251594543457, 41, 33.776565551757813, 1.0099999904632568, 15.569527470324918
-0.40959793329238892, 0.12177582085132599, 39, 31.272075653076172, 1.0439999103546143, 15.569670631841438
-0.82136785984039307, -0.07415616512298584, 48, 32.659049987792969, 1.0059999227523804, 15.543002842719819
-0.82136785984039307, -0.07415616512298584, 48, 33.836444854736328, 1.0059999227523804, 15.543002842719819
-0.15936291217803955, -0.1238245964050293, 39, 32.352077484130859, 1.0479999780654907, 15.55996176505651
-0.15936291217803955, -0.1238245964050293, 39, 33.324134826660156, 1.0479999780654907, 15.55996176505651
-0.15936291217803955, -0.1238245964050293, 39, 33.484657287597656, 1.0479999780654907, 15.55996176505651
0.15169316530227661, 0.066945850849151611, 61, 32.079822540283203, 1.0299999713897705, 15.567186977532849
-0.23768028616905212, 0.053848274052143097, 48, 33.149143218994141, 1.059999942779541, 15.567512650462881
-0.23768028616905212, 0.053848274052143097, 48, 30.855489730834961, 1.059999942779541, 15.567512650462881
-1.0662367343902588, 0.17587684094905853, 44, 31.559759140014648, 1.0139999389648438, 15.565585296354509
-1.0662367343902588, 0.17587684094905853, 44, 32.104915618896484, 1.0139999389648438, 15.565585296354509
-0.059500187635421753, -0.064009696245193481, 32, 29.906007766723633, 1.1000000238418579, 15.567751641735569
-0.44282984733581543, -0.0043893307447433472, 29, 27.614824295043945, 1.059999942779541, 15.565851448968173
-0.70684850215911865, 0.070478960871696472, 37, 28.498575210571289, 1.0499999523162842, 15.56311133323859
-0.2602083683013916, 0.0053786318749189377, 41, 26.342039108276367, 1.1299999952316284, 15.568080822346131
-1.0609472990036011, 0.079555846750736237, 49, 29.026992797851563, 1.1099998950958252, 15.568080822346131
-1.3100844621658325, -0.062226392328739166, 63, 27.378189086914063, 1.0699999332427979, 15.566448957348319
-0.76689529418945313, 0.015610315836966038, 77, 26.683481216430664, 1.0719999074935913, 15.570269838382249
-0.64389097690582275, -0.010041758418083191, 89, 28.25739860534668, 1.0899999141693115, 15.570162367057943
-1.0865840911865234, -0.089157186448574066, 81, 26.369386672973633, 1.0759999752044678, 15.568497884236955
-0.9687427282333374, 0.031374234706163406, 94, 25.858392715454102, 1.0160000324249268, 15.570699194552361
-0.44192615151405334, -0.10225147008895874, 111, 30.149274826049805, 1.0800000429153442, 15.57281998080601
-0.57607460021972656, -0.18795505166053772, 109, 37.118049621582031, 1.0679999589920044, 15.56409245245975
-0.71053534746170044, -0.11118851602077484, 116, 57.303218841552734, 1.0299999713897705, 15.564855935333322
-0.33151170611381531, -0.09333367645740509, 119, 84.480094909667969, 1.0800000429153442, 15.568514025123349
-0.35348394513130188, -0.027705118060112, 112, 102.99140167236328, 1.062000036239624, 15.572708879114384
-0.33532392978668213, -0.17010195553302765, 116, 105.77150726318359, 1.0499999523162842, 15.569625791525572
-0.18896496295928955, -0.019714318215847015, 118, 111.62989807128906, 1.0659999847412109, 15.572975938976263
-0.56791943311691284, -0.033835113048553467, 108, 100.57579040527344, 1.0360000133514404, 15.57138602747291
-1.0328525304794312, 0.13912539184093475, 105, 98.689308166503906, 0.98999994993209839, 15.574032080586633
-0.17922408878803253, -0.0084917200729250908, 116, 96.093833923339844, 1.0719999074935913, 15.568419712410668
-0.84127986431121826, 0.089129842817783356, 104, 92.938148498535156, 1.0579999685287476, 15.569052291430884
-0.56733584403991699, 0.035744756460189819, 113, 93.677543640136719, 1.0499999523162842, 15.567431838828293
-0.55962145328521729, -0.084175728261470795, 129, 92.222114562988281, 1.0699999332427979, 15.568859567263864
0.032335937023162842, -0.18470586836338043, 124, 94.577499389648438, 1.0800000429153442, 15.57051620437117
-0.46092680096626282, -0.095728829503059387, 121, 98.776359558105469, 1.0639998912811279, 15.57231018668697
-0.60175549983978271, -0.087718725204467773, 114, 97.492088317871094, 1.0379999876022339, 15.568186576041736
-0.46615362167358398, 0.031131628900766373, 126, 101.34534454345703, 0.98000001907348633, 15.568112409592043
-0.36831098794937134, -0.043161958456039429, 116, 104.517333984375, 1.0899999141693115, 15.564867909672778
-0.36831098794937134, -0.043161958456039429, 116, 105.12458038330078, 1.0899999141693115, 15.564867909672778
-1.1738754510879517, 0.030638746917247772, 126, 111.33277893066406, 1.0460000038146973, 15.567113189888852
-1.1738754510879517, 0.030638746917247772, 126, 115.05001831054688, 1.0460000038146973, 15.567113189888852
-0.90914428234100342, -0.033665310591459274, 105, 114.69890594482422, 1.0899999141693115, 15.562668377803197
-0.53329747915267944, 0.080814249813556671, 117, 117.77333068847656, 1.059999942779541, 15.562668377803197
-0.53594279289245605, -0.06392505019903183, 121, 116.95414733886719, 1.0659999847412109, 15.55880149042795
-0.29210671782493591, -0.020956745371222496, 126, 118.14630126953125, 1.1200000047683716, 15.564081358023856
-0.70780068635940552, -0.044050972908735275, 110, 119.27627563476563, 1.0959999561309814, 15.566449278695362
-0.77951425313949585, -0.24683204293251038, 123, 117.38076019287109, 1.0740000009536743, 15.567070031142801
-0.3190591037273407, 0.019882990047335625, 116, 117.22880554199219, 1.0559999942779541, 15.56464248258434
-0.43647807836532593, 0.0064251348376274109, 120, 115.67138671875, 1.0899999141693115, 15.570385953498675
-0.5912853479385376, -0.019341722130775452, 127, 111.73202514648438, 1.059999942779541, 15.570632036136526
-0.85214519500732422, 0.034557022154331207, 136, 111.36801910400391, 0.9859999418258667, 15.566379685659539
-0.23537375032901764, -0.12331511080265045, 123, 107.20064544677734, 1.0800000429153442, 15.563828275271963
-0.48081693053245544, -0.070802018046379089, 120, 105.48170471191406, 1.0460000038146973, 15.568297429067993
-0.44360148906707764, 0.11355257034301758, 125, 106.60708618164063, 1.0099999904632568, 15.564178921350837
-0.17126412689685822, -0.053264845162630081, 123, 103.16273498535156, 1.0160000324249268, 15.564907816670035
-0.1784084141254425, -0.067244522273540497, 114, 103.96305847167969, 1.0460000038146973, 15.565745153884892
-0.29564583301544189, -0.10591480880975723, 127, 128.63262939453125, 0.98000001907348633, 15.570247556293374
-0.18565759062767029, -0.16750995814800262, 123, 155.70254516601563, 1.0, 15.566148997744481
-0.33116644620895386, -0.29652178287506104, 126, 177.40701293945313, 6.0, 15.567689862577033
-1.7692203521728516, -0.44677236676216125, 108, 192.09275817871094, 0.96999996900558472, 15.567414381495421
-0.72130990028381348, 0.38871768116950989, 77, 199.10073852539063, 0.1979999840259552, 15.570849092893528
-0.55770969390869141, -0.11464973539113998, 80, 198.47886657714844, 0.10999999940395355, 15.568109919742758
0.5589444637298584, -0.031128382310271263, 41, 200.20271301269531, 0.05000000074505806, 15.571266415858513
0.0088295768946409225, -0.018788864836096764, 0, 199.40379333496094, 0.0, 15.56956031354958
0.01276121474802494, -0.01611851342022419, 0, 199.44622802734375, 0.0, 15.570536652153347
0.01276121474802494, -0.01611851342022419, 0, 199.50778198242188, 0.0, 15.570536652153347
0.01276121474802494, -0.01611851342022419, 0, 199.50778198242188, 0.0, 15.570536652153347
0.0087210321798920631, -0.01836581714451313, 25, 199.59201049804688, 0.0, 15.571073937305894
0.0087210321798920631, -0.01836581714451313, 25, 199.62907409667969, 0.0, 15.568244826395537
0.0082566719502210617, -0.018524743616580963, 26, 199.62907409667969, 0.0, 15.569747359829556
0.0084876101464033127, -0.01855950616300106, 0, 199.67019653320313, 0.0, 15.571848879943673
0.0087180929258465767, -0.018704632297158241, 0, 199.72746276855469, 0.0, 15.561909791895353
0.0093795685097575188, -0.018194278702139854, 25, 199.78672790527344, 0.0, 15.559648266879826
0.0087011661380529404, -0.01859675720334053, 0, 199.82781982421875, 0.0, 15.56538942392709
0.0087011661380529404, -0.01859675720334053, 0, 199.84663391113281, 0.0, 15.56538942392709
0.0089196888729929924, -0.017906423658132553, 0, 199.90888977050781, 0.0, 15.566420934764723
0.0087086167186498642, -0.018268972635269165, 0, 199.94775390625, 0.0, 15.569453024819502
0.0090215001255273819, -0.018882324919104576, 0, 199.98481750488281, 0.0, 15.569672278900821
0.0090215001255273819, -0.018882324919104576, 0, 200.00485229492188, 0.0, 15.569672278900821
