opt_m_x, opt_m_y, opt_qua, yaw, alt, battery_V
0.0074011390097439289, -0.017983576282858849, 0, 186.16792297363281, 0.0, 15.629384806536194
0.0074011390097439289, -0.017983576282858849, 0, 186.16792297363281, 0.0, 15.629384806536194
0.0074011390097439289, -0.017983576282858849, 0, 186.16792297363281, 0.0, 15.629384806536194
0.0074011390097439289, -0.017983576282858849, 0, 186.16792297363281, 0.0, 15.629384806536194
0.022952528670430183, -0.016908548772335052, 25, 185.76806640625, 0.0, 15.63203134975311
0.022952528670430183, -0.016908548772335052, 25, 185.76806640625, 0.0, 15.63203134975311
0.022952528670430183, -0.016908548772335052, 25, 185.76806640625, 0.0, 15.63203134975311
0.022952528670430183, -0.016908548772335052, 25, 185.76806640625, 0.0, 15.63203134975311
0.0053435489535331726, -0.017656626179814339, 0, 184.83815002441406, 0.0, 15.614419275460255
0.0053435489535331726, -0.017656626179814339, 0, 184.83815002441406, 0.0, 15.614419275460255
0.0053435489535331726, -0.017656626179814339, 0, 184.83815002441406, 0.0, 15.614419275460255
0.067630425095558167, 0.11555075645446777, 111, 183.86456298828125, 0.059999994933605194, 15.626252030798426
0.067630425095558167, 0.11555075645446777, 111, 183.86456298828125, 0.059999994933605194, 15.626252030798426
0.067630425095558167, 0.11555075645446777, 111, 183.86456298828125, 0.059999994933605194, 15.626252030798426
0.067630425095558167, 0.11555075645446777, 111, 183.86456298828125, 0.059999994933605194, 15.626252030798426
0.067630425095558167, 0.11555075645446777, 111, 183.86456298828125, 0.059999994933605194, 15.626252030798426
-0.1530623733997345, -0.23775450885295868, 108, 175.29702758789063, 0.22200000286102295, 15.626151684176154
-0.1530623733997345, -0.23775450885295868, 108, 175.29702758789063, 0.22200000286102295, 15.626151684176154
-0.1530623733997345, -0.23775450885295868, 108, 160.50216674804688, 0.22200000286102295, 15.626151684176154
-0.1530623733997345, -0.23775450885295868, 108, 160.50216674804688, 0.22200000286102295, 15.626151684176154
-0.1530623733997345, -0.23775450885295868, 108, 160.50216674804688, 0.22200000286102295, 15.626151684176154
-0.1530623733997345, -0.23775450885295868, 108, 160.50216674804688, 0.22200000286102295, 15.626151684176154
0.072621710598468781, 0.12871181964874268, 108, 136.33131408691406, 0.25999999046325684, 15.630091476260002
0.072621710598468781, 0.12871181964874268, 108, 136.33131408691406, 0.25999999046325684, 15.630091476260002
0.072621710598468781, 0.12871181964874268, 108, 114.27957916259766, 0.25999999046325684, 15.630091476260002
0.072621710598468781, 0.12871181964874268, 108, 114.27957916259766, 0.25999999046325684, 15.630091476260002
0.072621710598468781, 0.12871181964874268, 108, 114.27957916259766, 0.25999999046325684, 15.630091476260002
0.58280301094055176, -0.0086101144552230835, 125, 89.992988586425781, 1.0039999485015869, 15.625655351502916
0.58280301094055176, -0.0086101144552230835, 125, 89.992988586425781, 1.0039999485015869, 15.625655351502916
0.58280301094055176, -0.0086101144552230835, 125, 89.992988586425781, 1.0039999485015869, 15.625655351502916
0.58280301094055176, -0.0086101144552230835, 125, 89.992988586425781, 1.0039999485015869, 15.625655351502916
-0.090149268507957458, -0.088460072875022888, 117, 87.012893676757813, 1.1380000114440918, 15.633393676697871
-0.090149268507957458, -0.088460072875022888, 117, 87.012893676757813, 1.1380000114440918, 15.633393676697871
-0.090149268507957458, -0.088460072875022888, 117, 87.012893676757813, 1.1380000114440918, 15.633393676697871
-0.068577967584133148, 0.047004692256450653, 114, 85.286209106445313, 1.1399999856948853, 15.628036671850328
-0.068577967584133148, 0.047004692256450653, 114, 85.286209106445313, 1.1399999856948853, 15.628036671850328
-0.068577967584133148, 0.047004692256450653, 114, 85.356643676757813, 1.1399999856948853, 15.628036671850328
-0.068577967584133148, 0.047004692256450653, 114, 85.356643676757813, 1.1399999856948853, 15.628036671850328
-0.068577967584133148, 0.047004692256450653, 114, 85.356643676757813, 1.1399999856948853, 15.628036671850328
-0.068577967584133148, 0.047004692256450653, 114, 85.356643676757813, 1.1399999856948853, 15.628036671850328
0.0032742731273174286, 0.098874285817146301, 120, 85.4276123046875, 1.1299999952316284, 15.627222468849844
0.0032742731273174286, 0.098874285817146301, 120, 85.4276123046875, 1.1299999952316284, 15.627222468849844
0.0032742731273174286, 0.098874285817146301, 120, 85.4276123046875, 1.1299999952316284, 15.627222468849844
-0.065737299621105194, 0.34362095594406128, 120, 84.544219970703125, 1.1200000047683716, 15.624733947000339
-0.065737299621105194, 0.34362095594406128, 120, 84.544219970703125, 1.1200000047683716, 15.624733947000339
-0.065737299621105194, 0.34362095594406128, 120, 84.544219970703125, 1.1200000047683716, 15.624733947000339
-0.065737299621105194, 0.34362095594406128, 120, 83.061027526855469, 1.1200000047683716, 15.624733947000339
0.0111659811809659, 0.30167832970619202, 114, 82.286552429199219, 1.1299999952316284, 15.632840833974356
0.0111659811809659, 0.30167832970619202, 114, 82.286552429199219, 1.1299999952316284, 15.632840833974356
0.0111659811809659, 0.30167832970619202, 114, 82.286552429199219, 1.1299999952316284, 15.632840833974356
0.0111659811809659, 0.30167832970619202, 114, 82.286552429199219, 1.1299999952316284, 15.632840833974356
0.0111659811809659, 0.30167832970619202, 114, 82.286552429199219, 1.1299999952316284, 15.632840833974356
0.0111659811809659, 0.30167832970619202, 114, 82.286552429199219, 1.1299999952316284, 15.632840833974356
0.017710486426949501, 0.50178515911102295, 116, 83.354057312011719, 1.1099998950958252, 15.626504966185159
0.017710486426949501, 0.50178515911102295, 116, 82.928382873535156, 1.1099998950958252, 15.626504966185159
0.017710486426949501, 0.50178515911102295, 116, 82.928382873535156, 1.1099998950958252, 15.626504966185159
1.9682160200318322e-05, 0.1015411764383316, 121, 82.928382873535156, 1.1000000238418579, 15.630303445473828
1.9682160200318322e-05, 0.1015411764383316, 121, 82.928382873535156, 1.1000000238418579, 15.630303445473828
1.9682160200318322e-05, 0.1015411764383316, 121, 81.430511474609375, 1.1000000238418579, 15.630303445473828
1.9682160200318322e-05, 0.1015411764383316, 121, 81.430511474609375, 1.1000000238418579, 15.630303445473828
0.016991760581731796, 0.19087058305740356, 119, 77.398696899414063, 1.0899999141693115, 15.626582533048186
0.016991760581731796, 0.19087058305740356, 119, 77.398696899414063, 1.0899999141693115, 15.626582533048186
0.016991760581731796, 0.19087058305740356, 119, 77.398696899414063, 1.0899999141693115, 15.626582533048186
0.016991760581731796, 0.19087058305740356, 119, 77.398696899414063, 1.0899999141693115, 15.626582533048186
0.016991760581731796, 0.19087058305740356, 119, 75.966705322265625, 1.0899999141693115, 15.626582533048186
0.016991760581731796, 0.19087058305740356, 119, 75.966705322265625, 1.0899999141693115, 15.626582533048186
0.016991760581731796, 0.19087058305740356, 119, 75.966705322265625, 1.0899999141693115, 15.626582533048186
0.027725279331207275, 0.1651187539100647, 130, 74.7652587890625, 1.0699999332427979, 15.633549985641178
0.027725279331207275, 0.1651187539100647, 130, 74.7652587890625, 1.0699999332427979, 15.633549985641178
0.027725279331207275, 0.1651187539100647, 130, 74.7652587890625, 1.0699999332427979, 15.633549985641178
0.48327291011810303, -0.06283058226108551, 121, 53.112983703613281, 1.0800000429153442, 15.625330457178315
0.48327291011810303, -0.06283058226108551, 121, 53.112983703613281, 1.0800000429153442, 15.625330457178315
0.48327291011810303, -0.06283058226108551, 121, 53.112983703613281, 1.0800000429153442, 15.625330457178315
0.48327291011810303, -0.06283058226108551, 121, 34.112472534179688, 1.0800000429153442, 15.625330457178315
0.48327291011810303, -0.06283058226108551, 121, 34.112472534179688, 1.0800000429153442, 15.625330457178315
-0.18443767726421356, -0.28995603322982788, 115, 12.882564544677734, 1.1039999723434448, 15.605598739684091
-0.18443767726421356, -0.28995603322982788, 115, 12.882564544677734, 1.1039999723434448, 15.605598739684091
-0.18443767726421356, -0.28995603322982788, 115, 12.882564544677734, 1.1039999723434448, 15.605598739684091
-0.18443767726421356, -0.28995603322982788, 115, 12.882564544677734, 1.1039999723434448, 15.605598739684091
0.031766597181558609, 0.0025961869396269321, 114, 350.68524169921875, 1.1000000238418579, 15.612559708997258
0.031766597181558609, 0.0025961869396269321, 114, 350.68524169921875, 1.1000000238418579, 15.612559708997258
0.031766597181558609, 0.0025961869396269321, 114, 350.68524169921875, 1.1000000238418579, 15.612559708997258
-0.043493174016475677, 0.18393236398696899, 124, 347.8218994140625, 1.0800000429153442, 15.612559708997258
-0.043493174016475677, 0.18393236398696899, 124, 347.8218994140625, 1.0800000429153442, 15.612559708997258
-0.043493174016475677, 0.18393236398696899, 124, 346.52157592773438, 1.0800000429153442, 15.623536290852449
-0.043493174016475677, 0.18393236398696899, 124, 346.52157592773438, 1.0800000429153442, 15.623536290852449
-0.043493174016475677, 0.18393236398696899, 124, 346.52157592773438, 1.0800000429153442, 15.623536290852449
-0.043493174016475677, 0.18393236398696899, 124, 346.52157592773438, 1.0800000429153442, 15.623536290852449
-0.043493174016475677, 0.18393236398696899, 124, 346.52157592773438, 1.0800000429153442, 15.623536290852449
0.039006255567073822, 0.32922381162643433, 124, 345.8162841796875, 1.059999942779541, 15.621322240096138
0.039006255567073822, 0.32922381162643433, 124, 345.08682250976563, 1.059999942779541, 15.621322240096138
0.039006255567073822, 0.32922381162643433, 124, 345.08682250976563, 1.059999942779541, 15.621322240096138
0.039006255567073822, 0.32922381162643433, 124, 345.08682250976563, 1.059999942779541, 15.621322240096138
0.04904744029045105, 0.11109977215528488, 113, 343.80734252929688, 1.0800000429153442, 15.629193809726655
0.04904744029045105, 0.11109977215528488, 113, 343.80734252929688, 1.0800000429153442, 15.629193809726655
0.04904744029045105, 0.11109977215528488, 113, 343.80734252929688, 1.0800000429153442, 15.629193809726655
0.04904744029045105, 0.11109977215528488, 113, 343.80734252929688, 1.0800000429153442, 15.629193809726655
0.021923935040831566, -0.055530160665512085, 125, 312.71713256835938, 1.0699999332427979, 15.623916751543623
0.021923935040831566, -0.055530160665512085, 125, 312.71713256835938, 1.0699999332427979, 15.623916751543623
0.021923935040831566, -0.055530160665512085, 125, 312.71713256835938, 1.0699999332427979, 15.623916751543623
-0.17831526696681976, 0.0020012855529785156, 109, 286.7861328125, 1.0899999141693115, 15.623916751543623
-0.17831526696681976, 0.0020012855529785156, 109, 286.7861328125, 1.0899999141693115, 15.623916751543623
-0.17831526696681976, 0.0020012855529785156, 109, 265.09381103515625, 1.0899999141693115, 15.6287505166272
-0.17831526696681976, 0.0020012855529785156, 109, 265.09381103515625, 1.0899999141693115, 15.6287505166272
-0.17831526696681976, 0.0020012855529785156, 109, 265.09381103515625, 1.0899999141693115, 15.6287505166272
0.02914302796125412, -0.021665256470441818, 109, 248.55026245117188, 1.0800000429153442, 15.626450775715105
0.02914302796125412, -0.021665256470441818, 109, 248.55026245117188, 1.0800000429153442, 15.626450775715105
0.02914302796125412, -0.021665256470441818, 109, 248.55026245117188, 1.0800000429153442, 15.626450775715105
0.02914302796125412, -0.021665256470441818, 109, 248.55026245117188, 1.0800000429153442, 15.626450775715105
0.02914302796125412, -0.021665256470441818, 109, 248.14125061035156, 1.0800000429153442, 15.626450775715105
0.02914302796125412, -0.021665256470441818, 109, 248.14125061035156, 1.0800000429153442, 15.626450775715105
-0.081951819360256195, 0.56891161203384399, 126, 248.0054931640625, 1.0559999942779541, 15.63547093126799
-0.081951819360256195, 0.56891161203384399, 126, 248.0054931640625, 1.0559999942779541, 15.63547093126799
-0.081951819360256195, 0.56891161203384399, 126, 248.0054931640625, 1.0559999942779541, 15.63547093126799
-0.081951819360256195, 0.56891161203384399, 126, 248.0054931640625, 1.0559999942779541, 15.63547093126799
-0.081951819360256195, 0.56891161203384399, 126, 248.0054931640625, 1.0559999942779541, 15.63547093126799
0.067757114768028259, 0.21513694524765015, 118, 249.23587036132813, 1.0899999141693115, 15.626083024594241
0.067757114768028259, 0.21513694524765015, 118, 249.23587036132813, 1.0899999141693115, 15.626083024594241
0.067757114768028259, 0.21513694524765015, 118, 249.23587036132813, 1.0899999141693115, 15.626083024594241
0.067757114768028259, 0.21513694524765015, 118, 249.23587036132813, 1.0899999141693115, 15.626083024594241
-0.032093912363052368, 0.41110935807228088, 132, 248.25056457519531, 1.0399999618530273, 15.630050280509217
-0.032093912363052368, 0.41110935807228088, 132, 248.25056457519531, 1.0399999618530273, 15.630050280509217
-0.032093912363052368, 0.41110935807228088, 132, 248.25056457519531, 1.0399999618530273, 15.630050280509217
-0.032093912363052368, 0.41110935807228088, 132, 248.25056457519531, 1.0399999618530273, 15.630050280509217
-0.032093912363052368, 0.41110935807228088, 132, 248.25056457519531, 1.0399999618530273, 15.630050280509217
0.011662198230624199, 0.32038664817810059, 121, 245.42938232421875, 1.0839999914169312, 15.628830634099147
0.011662198230624199, 0.32038664817810059, 121, 245.0242919921875, 1.0839999914169312, 15.628830634099147
0.011662198230624199, 0.32038664817810059, 121, 245.0242919921875, 1.0839999914169312, 15.628830634099147
0.011662198230624199, 0.32038664817810059, 121, 245.0242919921875, 1.0839999914169312, 15.628830634099147
0.051129382103681564, 0.42387562990188599, 119, 245.325439453125, 1.0399999618530273, 15.620098846104817
0.051129382103681564, 0.42387562990188599, 119, 245.606201171875, 1.0399999618530273, 15.620098846104817
0.051129382103681564, 0.42387562990188599, 119, 245.606201171875, 1.0399999618530273, 15.620098846104817
0.051129382103681564, 0.42387562990188599, 119, 245.606201171875, 1.0399999618530273, 15.620098846104817
0.017419939860701561, 0.26685518026351929, 104, 246.54464721679688, 1.1159999370574951, 15.614859773100036
0.017419939860701561, 0.26685518026351929, 104, 246.54464721679688, 1.1159999370574951, 15.614859773100036
0.017419939860701561, 0.26685518026351929, 104, 246.54464721679688, 1.1159999370574951, 15.614859773100036
-0.019025864079594612, 0.34327790141105652, 115, 243.8077392578125, 1.0859999656677246, 15.625716329380875
-0.019025864079594612, 0.34327790141105652, 115, 243.8077392578125, 1.0859999656677246, 15.625716329380875
-0.019025864079594612, 0.34327790141105652, 115, 243.8077392578125, 1.0859999656677246, 15.625716329380875
-0.019025864079594612, 0.34327790141105652, 115, 242.03515625, 1.0859999656677246, 15.625716329380875
-0.019025864079594612, 0.34327790141105652, 115, 242.03515625, 1.0859999656677246, 15.625716329380875
-0.019025864079594612, 0.34327790141105652, 115, 242.03515625, 1.0859999656677246, 15.625716329380875
-0.019025864079594612, 0.34327790141105652, 115, 242.03515625, 1.0859999656677246, 15.625716329380875
-0.019025864079594612, 0.34327790141105652, 115, 242.03515625, 1.0859999656677246, 15.625716329380875
-0.0029076340142637491, 0.31258749961853027, 115, 240.72476196289063, 1.1200000047683716, 15.625430263306891
-0.0029076340142637491, 0.31258749961853027, 115, 240.72476196289063, 1.1200000047683716, 15.625430263306891
-0.0029076340142637491, 0.31258749961853027, 115, 240.72476196289063, 1.1200000047683716, 15.625430263306891
0.052919395267963409, 0.47796785831451416, 112, 240.99945068359375, 1.0880000591278076, 15.630458623733166
0.052919395267963409, 0.47796785831451416, 112, 240.99945068359375, 1.0880000591278076, 15.630458623733166
0.052919395267963409, 0.47796785831451416, 112, 240.99945068359375, 1.0880000591278076, 15.630458623733166
0.052919395267963409, 0.47796785831451416, 112, 240.99945068359375, 1.0880000591278076, 15.630458623733166
0.05821729451417923, 0.26842772960662842, 110, 241.6165771484375, 1.1299999952316284, 15.623075639953843
0.05821729451417923, 0.26842772960662842, 110, 241.6165771484375, 1.1299999952316284, 15.623075639953843
0.05821729451417923, 0.26842772960662842, 110, 241.6165771484375, 1.1299999952316284, 15.623075639953843
0.05821729451417923, 0.26842772960662842, 110, 241.6165771484375, 1.1299999952316284, 15.623075639953843
0.05821729451417923, 0.26842772960662842, 110, 241.6165771484375, 1.1299999952316284, 15.623075639953843
-0.038667686283588409, 0.46907037496566772, 112, 238.38104248046875, 1.1299999952316284, 15.631045849695003
-0.038667686283588409, 0.46907037496566772, 112, 238.38104248046875, 1.1299999952316284, 15.631045849695003
-0.038667686283588409, 0.46907037496566772, 112, 238.38104248046875, 1.1299999952316284, 15.631045849695003
-0.038667686283588409, 0.46907037496566772, 112, 238.38104248046875, 1.1299999952316284, 15.631045849695003
0.019857758656144142, 0.60020095109939575, 113, 236.6419677734375, 1.1380000114440918, 15.628227975616472
0.019857758656144142, 0.60020095109939575, 113, 236.6419677734375, 1.1380000114440918, 15.628227975616472
0.019857758656144142, 0.60020095109939575, 113, 236.6419677734375, 1.1380000114440918, 15.628227975616472
0.019857758656144142, 0.60020095109939575, 113, 235.98429870605469, 1.1380000114440918, 15.628227975616472
0.019857758656144142, 0.60020095109939575, 113, 235.98429870605469, 1.1380000114440918, 15.628227975616472
0.10463958978652954, 0.49934366345405579, 113, 235.3695068359375, 1.0920000076293945, 15.628537251131974
0.10463958978652954, 0.49934366345405579, 113, 235.5576171875, 1.0920000076293945, 15.628537251131974
0.10463958978652954, 0.49934366345405579, 113, 235.5576171875, 1.0920000076293945, 15.628537251131974
0.10463958978652954, 0.49934366345405579, 113, 235.5576171875, 1.0920000076293945, 15.628537251131974
0.10463958978652954, 0.49934366345405579, 113, 235.5576171875, 1.0920000076293945, 15.628537251131974
0.020057812333106995, 0.2737744152545929, 125, 233.70513916015625, 1.1059999465942383, 15.622722816359243
0.020057812333106995, 0.2737744152545929, 125, 233.70513916015625, 1.1059999465942383, 15.622722816359243
0.020057812333106995, 0.2737744152545929, 125, 233.70513916015625, 1.1059999465942383, 15.622722816359243
0.020057812333106995, 0.2737744152545929, 125, 233.70513916015625, 1.1059999465942383, 15.622722816359243
-0.020934555679559708, 0.46295613050460815, 108, 231.79421997070313, 1.1000000238418579, 15.632434155553671
-0.020934555679559708, 0.46295613050460815, 108, 231.79421997070313, 1.1000000238418579, 15.632434155553671
-0.020934555679559708, 0.46295613050460815, 108, 231.79421997070313, 1.1000000238418579, 15.632434155553671
-0.024207271635532379, 0.26883119344711304, 120, 230.79911804199219, 1.0839999914169312, 15.628260959152852
-0.024207271635532379, 0.26883119344711304, 120, 230.79911804199219, 1.0839999914169312, 15.628260959152852
-0.024207271635532379, 0.26883119344711304, 120, 233.47454833984375, 1.0839999914169312, 15.628260959152852
-0.024207271635532379, 0.26883119344711304, 120, 233.47454833984375, 1.0839999914169312, 15.628260959152852
-0.024207271635532379, 0.26883119344711304, 120, 233.47454833984375, 1.0839999914169312, 15.628260959152852
0.007206447422504425, 0.093392692506313324, 111, 237.13394165039063, 1.0800000429153442, 15.631357041296312
0.007206447422504425, 0.093392692506313324, 111, 237.13394165039063, 1.0800000429153442, 15.631357041296312
0.007206447422504425, 0.093392692506313324, 111, 237.13394165039063, 1.0800000429153442, 15.631357041296312
0.007206447422504425, 0.093392692506313324, 111, 237.13394165039063, 1.0800000429153442, 15.631357041296312
0.007206447422504425, 0.093392692506313324, 111, 237.13394165039063, 1.0800000429153442, 15.631357041296312
-0.12043555080890656, 0.15642786026000977, 121, 243.15773010253906, 1.059999942779541, 15.628414690584677
-0.12043555080890656, 0.15642786026000977, 121, 254.49220275878906, 1.059999942779541, 15.628414690584677
-0.12043555080890656, 0.15642786026000977, 121, 254.49220275878906, 1.059999942779541, 15.628414690584677
-0.12043555080890656, 0.15642786026000977, 121, 254.49220275878906, 1.059999942779541, 15.628414690584677
-0.19269679486751556, 0.14755353331565857, 115, 269.30059814453125, 1.1000000238418579, 15.636249280230595
-0.19269679486751556, 0.14755353331565857, 115, 269.30059814453125, 1.1000000238418579, 15.636249280230595
-0.19269679486751556, 0.14755353331565857, 115, 269.30059814453125, 1.1000000238418579, 15.636249280230595
-0.19269679486751556, 0.14755353331565857, 115, 269.30059814453125, 1.1000000238418579, 15.636249280230595
-0.19269679486751556, 0.14755353331565857, 115, 269.30059814453125, 1.1000000238418579, 15.636249280230595
0.054494228214025497, -0.26294034719467163, 110, 293.81033325195313, 1.0899999141693115, 15.628550034020165
0.054494228214025497, -0.26294034719467163, 110, 303.89566040039063, 1.0899999141693115, 15.628550034020165
0.054494228214025497, -0.26294034719467163, 110, 303.89566040039063, 1.0899999141693115, 15.628550034020165
-0.078286729753017426, -0.300819993019104, 128, 319.11810302734375, 1.059999942779541, 15.605530485836159
-0.078286729753017426, -0.300819993019104, 128, 319.11810302734375, 1.059999942779541, 15.605530485836159
-0.078286729753017426, -0.300819993019104, 128, 319.11810302734375, 1.059999942779541, 15.605530485836159
-0.078286729753017426, -0.300819993019104, 128, 336.27349853515625, 1.059999942779541, 15.605530485836159
-0.078286729753017426, -0.300819993019104, 128, 336.27349853515625, 1.059999942779541, 15.605530485836159
-0.078286729753017426, -0.300819993019104, 128, 336.27349853515625, 1.059999942779541, 15.605530485836159
-0.078286729753017426, -0.300819993019104, 128, 336.27349853515625, 1.059999942779541, 15.605530485836159
-0.004133325070142746, 0.027890553697943687, 110, 17.428731918334961, 1.1000000238418579, 15.612118756680912
-0.004133325070142746, 0.027890553697943687, 110, 17.428731918334961, 1.1000000238418579, 15.612118756680912
-0.004133325070142746, 0.027890553697943687, 110, 17.428731918334961, 1.1000000238418579, 15.612118756680912
0.23078057169914246, 0.058937236666679382, 111, 36.828937530517578, 1.0880000591278076, 15.622471719440206
0.23078057169914246, 0.058937236666679382, 111, 36.828937530517578, 1.0880000591278076, 15.622471719440206
0.23078057169914246, 0.058937236666679382, 111, 36.828937530517578, 1.0880000591278076, 15.622471719440206
0.23078057169914246, 0.058937236666679382, 111, 36.828937530517578, 1.0880000591278076, 15.622471719440206
-0.16560859978199005, 0.22274176776409149, 115, 43.903514862060547, 1.0679999589920044, 15.620683497223411
-0.16560859978199005, 0.22274176776409149, 115, 43.903514862060547, 1.0679999589920044, 15.620683497223411
-0.16560859978199005, 0.22274176776409149, 115, 43.903514862060547, 1.0679999589920044, 15.620683497223411
-0.16560859978199005, 0.22274176776409149, 115, 41.969627380371094, 1.0679999589920044, 15.620683497223411
-0.16560859978199005, 0.22274176776409149, 115, 41.969627380371094, 1.0679999589920044, 15.620683497223411
-0.015316110104322433, 0.19715479016304016, 114, 41.815208435058594, 1.1000000238418579, 15.629210563993748
-0.015316110104322433, 0.19715479016304016, 114, 41.815208435058594, 1.1000000238418579, 15.629210563993748
-0.015316110104322433, 0.19715479016304016, 114, 41.815208435058594, 1.1000000238418579, 15.629210563993748
0.0038751065731048584, 0.43365928530693054, 119, 41.521465301513672, 1.0859999656677246, 15.599926803746651
0.0038751065731048584, 0.43365928530693054, 119, 41.521465301513672, 1.0859999656677246, 15.599926803746651
0.0038751065731048584, 0.43365928530693054, 119, 41.521465301513672, 1.0859999656677246, 15.599926803746651
0.0038751065731048584, 0.43365928530693054, 119, 41.449970245361328, 1.0859999656677246, 15.599926803746651
0.0038751065731048584, 0.43365928530693054, 119, 41.449970245361328, 1.0859999656677246, 15.599926803746651
0.0038751065731048584, 0.43365928530693054, 119, 41.449970245361328, 1.0859999656677246, 15.599926803746651
0.018727576360106468, 0.37091594934463501, 109, 41.512882232666016, 1.1039999723434448, 15.61235654734725
0.018727576360106468, 0.37091594934463501, 109, 41.512882232666016, 1.1039999723434448, 15.61235654734725
0.018727576360106468, 0.37091594934463501, 109, 41.512882232666016, 1.1039999723434448, 15.61235654734725
0.018727576360106468, 0.37091594934463501, 109, 41.512882232666016, 1.1039999723434448, 15.61235654734725
-0.038947157561779022, -0.01836879551410675, 110, 39.514350891113281, 1.0899999141693115, 15.617414393768193
-0.038947157561779022, -0.01836879551410675, 110, 39.514350891113281, 1.0899999141693115, 15.617414393768193
-0.038947157561779022, -0.01836879551410675, 110, 38.105079650878906, 1.0899999141693115, 15.617414393768193
-0.038947157561779022, -0.01836879551410675, 110, 38.105079650878906, 1.1000000238418579, 15.617414393768193
-0.038947157561779022, -0.01836879551410675, 110, 38.105079650878906, 1.1000000238418579, 15.617414393768193
-0.0082214772701263428, 0.23864492774009705, 121, 37.551738739013672, 1.1000000238418579, 15.627249101842676
-0.0082214772701263428, 0.23864492774009705, 121, 37.551738739013672, 1.1000000238418579, 15.627249101842676
-0.0082214772701263428, 0.23864492774009705, 121, 37.551738739013672, 1.1000000238418579, 15.627249101842676
-0.0082214772701263428, 0.23864492774009705, 121, 37.551738739013672, 1.1000000238418579, 15.627249101842676
0.038114704191684723, 0.31223484873771667, 112, 38.649669647216797, 1.0880000591278076, 15.62274992676687
0.038114704191684723, 0.31223484873771667, 112, 38.649669647216797, 1.0880000591278076, 15.62274992676687
0.038114704191684723, 0.31223484873771667, 112, 39.132331848144531, 1.0880000591278076, 15.62274992676687
0.038114704191684723, 0.31223484873771667, 112, 39.132331848144531, 1.0880000591278076, 15.62274992676687
0.038114704191684723, 0.31223484873771667, 112, 39.132331848144531, 1.0880000591278076, 15.62274992676687
-0.02031959593296051, 0.29126784205436707, 120, 38.462497711181641, 1.0759999752044678, 15.627250421721408
-0.02031959593296051, 0.29126784205436707, 120, 38.462497711181641, 1.0759999752044678, 15.627250421721408
-0.02031959593296051, 0.29126784205436707, 120, 38.462497711181641, 1.0759999752044678, 15.627250421721408
0.0024610334075987339, 0.23396752774715424, 110, 36.252132415771484, 1.1000000238418579, 15.625550718735866
0.0024610334075987339, 0.23396752774715424, 110, 36.252132415771484, 1.1000000238418579, 15.625550718735866
0.0024610334075987339, 0.23396752774715424, 110, 36.252132415771484, 1.1000000238418579, 15.625550718735866
0.0024610334075987339, 0.23396752774715424, 110, 36.252132415771484, 1.1000000238418579, 15.625550718735866
0.023524897173047066, 0.21140821278095245, 120, 34.940338134765625, 1.0499999523162842, 15.633330897035147
0.023524897173047066, 0.21140821278095245, 120, 34.940338134765625, 1.0499999523162842, 15.633330897035147
0.023524897173047066, 0.21140821278095245, 120, 34.940338134765625, 1.0499999523162842, 15.633330897035147
0.023524897173047066, 0.21140821278095245, 120, 34.940338134765625, 1.0499999523162842, 15.633330897035147
0.023524897173047066, 0.21140821278095245, 120, 34.940338134765625, 1.0499999523162842, 15.633330897035147
0.023524897173047066, 0.21140821278095245, 120, 34.940338134765625, 1.0499999523162842, 15.633330897035147
0.022227345034480095, 0.079671263694763184, 112, 34.749958038330078, 1.0820000171661377, 15.627599004045237
0.022227345034480095, 0.079671263694763184, 112, 33.825286865234375, 1.0820000171661377, 15.627599004045237
0.022227345034480095, 0.079671263694763184, 112, 33.825286865234375, 1.0820000171661377, 15.627599004045237
0.022227345034480095, 0.079671263694763184, 112, 33.825286865234375, 1.0820000171661377, 15.627599004045237
0.022227345034480095, 0.079671263694763184, 112, 33.825286865234375, 1.0820000171661377, 15.627599004045237
0.067610174417495728, 0.75948309898376465, 130, 31.741266250610352, 1.0499999523162842, 15.632159868233842
0.067610174417495728, 0.75948309898376465, 130, 31.741266250610352, 1.0499999523162842, 15.632159868233842
0.067610174417495728, 0.75948309898376465, 130, 31.741266250610352, 1.0499999523162842, 15.632159868233842
0.067610174417495728, 0.75948309898376465, 130, 31.741266250610352, 1.0499999523162842, 15.632159868233842
0.048956308513879776, 0.45707967877388, 114, 28.364477157592773, 1.0699999332427979, 15.629696386778258
0.048956308513879776, 0.45707967877388, 114, 27.420078277587891, 1.0699999332427979, 15.629696386778258
0.048956308513879776, 0.45707967877388, 114, 27.420078277587891, 1.0699999332427979, 15.629696386778258
0.048956308513879776, 0.45707967877388, 114, 27.420078277587891, 1.0699999332427979, 15.629696386778258
0.08864198625087738, -0.0057959374971687794, 123, 27.420078277587891, 1.0439999103546143, 15.629696386778258
0.08864198625087738, -0.0057959374971687794, 123, 27.898059844970703, 1.0439999103546143, 15.632218297905776
0.08864198625087738, -0.0057959374971687794, 123, 27.898059844970703, 1.0439999103546143, 15.632218297905776
0.08864198625087738, -0.0057959374971687794, 123, 27.898059844970703, 1.0439999103546143, 15.632218297905776
0.08864198625087738, -0.0057959374971687794, 123, 27.898059844970703, 1.0439999103546143, 15.632218297905776
0.08864198625087738, -0.0057959374971687794, 123, 27.898059844970703, 1.0439999103546143, 15.632218297905776
0.034041315317153931, 0.33576852083206177, 122, 27.032718658447266, 1.059999942779541, 15.624131444499366
0.034041315317153931, 0.33576852083206177, 122, 27.032718658447266, 1.059999942779541, 15.624131444499366
0.034041315317153931, 0.33576852083206177, 122, 27.032718658447266, 1.059999942779541, 15.624131444499366
0.034041315317153931, 0.33576852083206177, 122, 27.032718658447266, 1.059999942779541, 15.624131444499366
-0.11798645555973053, -0.22525548934936523, 115, 2.048405647277832, 1.059999942779541, 15.635679332507092
-0.11798645555973053, -0.22525548934936523, 115, 2.048405647277832, 1.059999942779541, 15.635679332507092
-0.11798645555973053, -0.22525548934936523, 115, 2.048405647277832, 1.059999942779541, 15.635679332507092
0.45978042483329773, -0.035102665424346924, 117, 318.91070556640625, 1.0800000429153442, 15.631008065414196
0.45978042483329773, -0.035102665424346924, 117, 318.91070556640625, 1.0800000429153442, 15.631008065414196
0.45978042483329773, -0.035102665424346924, 117, 309.6429443359375, 1.0800000429153442, 15.631008065414196
0.45978042483329773, -0.035102665424346924, 117, 309.6429443359375, 1.0800000429153442, 15.631008065414196
0.030927781015634537, -0.010065540671348572, 119, 304.80575561523438, 1.062000036239624, 15.632205305106693
0.030927781015634537, -0.010065540671348572, 119, 304.80575561523438, 1.062000036239624, 15.632205305106693
0.030927781015634537, -0.010065540671348572, 119, 304.80575561523438, 1.062000036239624, 15.632205305106693
0.030927781015634537, -0.010065540671348572, 119, 304.80575561523438, 1.062000036239624, 15.632205305106693
0.030927781015634537, -0.010065540671348572, 119, 304.80575561523438, 1.062000036239624, 15.632205305106693
0.040158592164516449, -0.10318650305271149, 125, 301.36111450195313, 1.0299999713897705, 15.599723648456017
0.040158592164516449, -0.10318650305271149, 125, 301.36111450195313, 1.0299999713897705, 15.599723648456017
0.040158592164516449, -0.10318650305271149, 125, 300.45968627929688, 1.0299999713897705, 15.599723648456017
0.040158592164516449, -0.10318650305271149, 125, 300.45968627929688, 1.0299999713897705, 15.599723648456017
0.052461612969636917, 0.040666129440069199, 123, 297.8818359375, 1.1000000238418579, 15.613834654191866
0.052461612969636917, 0.040666129440069199, 123, 297.8818359375, 1.1000000238418579, 15.613834654191866
0.052461612969636917, 0.040666129440069199, 123, 297.8818359375, 1.1000000238418579, 15.613834654191866
0.052461612969636917, 0.040666129440069199, 123, 297.8818359375, 1.1000000238418579, 15.613834654191866
0.052461612969636917, 0.040666129440069199, 123, 297.8818359375, 1.1000000238418579, 15.613834654191866
0.052461612969636917, 0.040666129440069199, 123, 297.8818359375, 1.1000000238418579, 15.613834654191866
0.068248853087425232, -0.060354407876729965, 115, 281.216552734375, 1.1099998950958252, 15.616701257886362
0.068248853087425232, -0.060354407876729965, 115, 261.22354125976563, 1.1099998950958252, 15.616701257886362
0.068248853087425232, -0.060354407876729965, 115, 261.22354125976563, 1.1099998950958252, 15.616701257886362
0.014375356957316399, -0.17772625386714935, 114, 234.77639770507813, 1.1080000400543213, 15.622021220225049
0.014375356957316399, -0.17772625386714935, 114, 234.77639770507813, 1.1080000400543213, 15.622021220225049
0.014375356957316399, -0.17772625386714935, 114, 234.77639770507813, 1.1080000400543213, 15.622021220225049
0.014375356957316399, -0.17772625386714935, 114, 234.77639770507813, 1.1080000400543213, 15.622021220225049
0.064362294971942902, -0.032253619283437729, 130, 205.76405334472656, 1.0959999561309814, 15.622813197719337
0.064362294971942902, -0.032253619283437729, 130, 205.76405334472656, 1.0959999561309814, 15.622813197719337
0.064362294971942902, -0.032253619283437729, 130, 205.76405334472656, 1.0959999561309814, 15.622813197719337
0.064362294971942902, -0.032253619283437729, 130, 205.76405334472656, 1.0959999561309814, 15.622813197719337
0.064362294971942902, -0.032253619283437729, 130, 205.76405334472656, 1.0959999561309814, 15.622813197719337
-0.069366790354251862, 0.3157677948474884, 138, 202.90670776367188, 1.0899999141693115, 15.622813197719337
-0.069366790354251862, 0.3157677948474884, 138, 202.90670776367188, 1.0899999141693115, 15.622813197719337
-0.069366790354251862, 0.3157677948474884, 138, 202.14344787597656, 1.0899999141693115, 15.631688384359961
-0.069366790354251862, 0.3157677948474884, 138, 202.14344787597656, 1.0899999141693115, 15.631688384359961
-0.069366790354251862, 0.3157677948474884, 138, 202.14344787597656, 1.0899999141693115, 15.631688384359961
0.04261726513504982, -0.14303213357925415, 132, 202.27615356445313, 1.0759999752044678, 15.625013496377122
0.04261726513504982, -0.14303213357925415, 132, 202.27615356445313, 1.0759999752044678, 15.625013496377122
0.04261726513504982, -0.14303213357925415, 132, 202.4927978515625, 1.0759999752044678, 15.625013496377122
0.04261726513504982, -0.14303213357925415, 132, 202.4927978515625, 1.0759999752044678, 15.625013496377122
-0.067140735685825348, 0.077876396477222443, 136, 201.41188049316406, 1.1000000238418579, 15.628208563535566
-0.067140735685825348, 0.077876396477222443, 136, 201.41188049316406, 1.1000000238418579, 15.628208563535566
-0.067140735685825348, 0.077876396477222443, 136, 201.41188049316406, 1.1000000238418579, 15.628208563535566
-0.067140735685825348, 0.077876396477222443, 136, 200.17904663085938, 1.1000000238418579, 15.628208563535566
-0.067140735685825348, 0.077876396477222443, 136, 200.17904663085938, 1.1000000238418579, 15.628208563535566
-0.067140735685825348, 0.077876396477222443, 136, 200.17904663085938, 1.1000000238418579, 15.628208563535566
-0.067140735685825348, 0.077876396477222443, 136, 200.17904663085938, 1.1000000238418579, 15.628208563535566
0.061141148209571838, 0.44881469011306763, 113, 198.58940124511719, 1.0800000429153442, 15.624125603817401
0.061141148209571838, 0.44881469011306763, 113, 198.58940124511719, 1.0800000429153442, 15.624125603817401
0.061141148209571838, 0.44881469011306763, 113, 198.58940124511719, 1.0800000429153442, 15.624125603817401
0.021521130576729774, 0.36123082041740417, 118, 197.9564208984375, 1.0639998912811279, 15.60687582766862
0.021521130576729774, 0.36123082041740417, 118, 197.9564208984375, 1.0639998912811279, 15.60687582766862
0.021521130576729774, 0.36123082041740417, 118, 197.11080932617188, 1.0639998912811279, 15.60687582766862
0.021521130576729774, 0.36123082041740417, 118, 197.11080932617188, 1.0639998912811279, 15.60687582766862
0.021521130576729774, 0.36123082041740417, 118, 197.11080932617188, 1.0639998912811279, 15.60687582766862
0.021521130576729774, 0.36123082041740417, 118, 197.11080932617188, 1.0639998912811279, 15.60687582766862
0.089963994920253754, 0.064053475856781006, 111, 197.035888671875, 1.1200000047683716, 15.606925961723057
0.089963994920253754, 0.064053475856781006, 111, 197.035888671875, 1.1200000047683716, 15.606925961723057
-0.092381782829761505, 0.40416792035102844, 115, 196.4949951171875, 1.0499999523162842, 15.621756042377452
-0.092381782829761505, 0.40416792035102844, 115, 196.4949951171875, 1.0499999523162842, 15.621756042377452
-0.092381782829761505, 0.40416792035102844, 115, 196.4949951171875, 1.0499999523162842, 15.621756042377452
-0.092381782829761505, 0.40416792035102844, 115, 195.84326171875, 1.0499999523162842, 15.621756042377452
-0.092381782829761505, 0.40416792035102844, 115, 195.84326171875, 1.0499999523162842, 15.621756042377452
-0.092381782829761505, 0.40416792035102844, 115, 195.84326171875, 1.0499999523162842, 15.621756042377452
-0.092381782829761505, 0.40416792035102844, 115, 195.84326171875, 1.0499999523162842, 15.621756042377452
-0.092381782829761505, 0.40416792035102844, 115, 195.84326171875, 1.0499999523162842, 15.621756042377452
-0.092381782829761505, 0.40416792035102844, 115, 195.84326171875, 1.0499999523162842, 15.621756042377452
0.0081896251067519188, 0.056914683431386948, 109, 194.18983459472656, 1.1200000047683716, 15.621454090986575
-0.34970003366470337, -0.021138118579983711, 118, 194.99107360839844, 1.0499999523162842, 15.627672920240215
-0.34970003366470337, -0.021138118579983711, 118, 194.99107360839844, 1.0499999523162842, 15.627672920240215
-0.34970003366470337, -0.021138118579983711, 118, 194.99107360839844, 1.0499999523162842, 15.627672920240215
-0.34970003366470337, -0.021138118579983711, 118, 194.99107360839844, 1.0499999523162842, 15.627672920240215
-0.34970003366470337, -0.021138118579983711, 118, 194.99107360839844, 1.0499999523162842, 15.627672920240215
0.056211858987808228, -0.17416973412036896, 112, 195.74971008300781, 1.1000000238418579, 15.623404217821459
0.056211858987808228, -0.17416973412036896, 112, 194.59864807128906, 1.1000000238418579, 15.623404217821459
0.056211858987808228, -0.17416973412036896, 112, 194.59864807128906, 1.1000000238418579, 15.623404217821459
0.062881775200366974, 0.52388918399810791, 121, 192.29710388183594, 1.0639998912811279, 15.631242996423406
0.062881775200366974, 0.52388918399810791, 121, 192.29710388183594, 1.0639998912811279, 15.631242996423406
0.062881775200366974, 0.52388918399810791, 121, 192.29710388183594, 1.0639998912811279, 15.631242996423406
0.062881775200366974, 0.52388918399810791, 121, 190.08219909667969, 1.0639998912811279, 15.631242996423406
0.062881775200366974, 0.52388918399810791, 121, 190.08219909667969, 1.0639998912811279, 15.631242996423406
0.062881775200366974, 0.52388918399810791, 121, 190.08219909667969, 1.0639998912811279, 15.631242996423406
0.062881775200366974, 0.52388918399810791, 121, 190.08219909667969, 1.0639998912811279, 15.631242996423406
-0.032526906579732895, 0.21785080432891846, 112, 188.17367553710938, 1.1000000238418579, 15.625546263616492
-0.032526906579732895, 0.21785080432891846, 112, 188.17367553710938, 1.1000000238418579, 15.625546263616492
-0.032526906579732895, 0.21785080432891846, 112, 188.17367553710938, 1.1000000238418579, 15.625546263616492
-0.073918111622333527, 0.29408803582191467, 120, 191.79640197753906, 1.0659999847412109, 15.62772822387997
-0.073918111622333527, 0.29408803582191467, 120, 191.79640197753906, 1.0659999847412109, 15.62772822387997
-0.073918111622333527, 0.29408803582191467, 120, 191.79640197753906, 1.0659999847412109, 15.62772822387997
-0.073918111622333527, 0.29408803582191467, 120, 191.79640197753906, 1.0659999847412109, 15.62772822387997
0.046994674950838089, 0.086516574025154114, 114, 193.42225646972656, 1.0899999141693115, 15.626237400048355
0.046994674950838089, 0.086516574025154114, 114, 193.42225646972656, 1.0899999141693115, 15.626237400048355
0.046994674950838089, 0.086516574025154114, 114, 193.42225646972656, 1.0899999141693115, 15.626237400048355
0.046994674950838089, 0.086516574025154114, 114, 193.43904113769531, 1.0899999141693115, 15.626237400048355
0.046994674950838089, 0.086516574025154114, 114, 193.43904113769531, 1.0899999141693115, 15.626237400048355
0.025127599015831947, 0.31176313757896423, 132, 193.01925659179688, 1.0699999332427979, 15.631742905809208
0.025127599015831947, 0.31176313757896423, 132, 193.01925659179688, 1.0699999332427979, 15.631742905809208
0.025127599015831947, 0.31176313757896423, 132, 193.01925659179688, 1.0699999332427979, 15.631742905809208
0.025127599015831947, 0.31176313757896423, 132, 193.01925659179688, 1.0699999332427979, 15.631742905809208
-0.089698657393455505, 0.098133139312267303, 145, 199.3475341796875, 0.96999996900558472, 15.624246209236052
-0.089698657393455505, 0.098133139312267303, 145, 199.3475341796875, 0.96999996900558472, 15.624246209236052
-0.089698657393455505, 0.098133139312267303, 145, 199.3475341796875, 0.96999996900558472, 15.624246209236052
-0.089698657393455505, 0.098133139312267303, 145, 199.3475341796875, 0.96999996900558472, 15.624246209236052
-0.089698657393455505, 0.098133139312267303, 145, 199.3475341796875, 0.96999996900558472, 15.624246209236052
0.074860110878944397, -0.040930744260549545, 171, 222.54888916015625, 0.88999998569488525, 15.611748190994211
0.074860110878944397, -0.040930744260549545, 171, 222.54888916015625, 0.88999998569488525, 15.611748190994211
0.074860110878944397, -0.040930744260549545, 171, 222.54888916015625, 0.88999998569488525, 15.611748190994211
-0.47167614102363586, -0.033826727420091629, 153, 256.19354248046875, 0.96999996900558472, 15.616649379935906
-0.47167614102363586, -0.033826727420091629, 153, 256.19354248046875, 0.96999996900558472, 15.616649379935906
-0.47167614102363586, -0.033826727420091629, 153, 256.19354248046875, 0.96999996900558472, 15.616649379935906
-0.47167614102363586, -0.033826727420091629, 153, 256.19354248046875, 0.96999996900558472, 15.616649379935906
-0.15085305273532867, 0.15225665271282196, 138, 281.31362915039063, 1.0899999141693115, 15.62479009349526
-0.15085305273532867, 0.15225665271282196, 138, 281.31362915039063, 1.0899999141693115, 15.62479009349526
-0.15085305273532867, 0.15225665271282196, 138, 281.31362915039063, 1.0899999141693115, 15.62479009349526
-0.15085305273532867, 0.15225665271282196, 138, 281.31362915039063, 1.0899999141693115, 15.62479009349526
-0.15085305273532867, 0.15225665271282196, 138, 293.3619384765625, 1.0899999141693115, 15.62479009349526
-0.15085305273532867, 0.15225665271282196, 138, 293.3619384765625, 1.0899999141693115, 15.62479009349526
-0.15085305273532867, 0.15225665271282196, 138, 293.3619384765625, 1.0899999141693115, 15.62479009349526
-0.15085305273532867, 0.15225665271282196, 138, 293.3619384765625, 1.0899999141693115, 15.62479009349526
-0.39226055145263672, -0.016205646097660065, 129, 322.2449951171875, 1.0920000076293945, 15.620874521693835
-0.39226055145263672, -0.016205646097660065, 129, 322.2449951171875, 1.0920000076293945, 15.620874521693835
-0.39226055145263672, -0.016205646097660065, 129, 322.2449951171875, 1.0920000076293945, 15.620874521693835
0.025209721177816391, -0.10494177788496017, 115, 337.36358642578125, 1.0899999141693115, 15.628125178662675
0.025209721177816391, -0.10494177788496017, 115, 337.36358642578125, 1.0899999141693115, 15.628125178662675
0.025209721177816391, -0.10494177788496017, 115, 337.36358642578125, 1.0899999141693115, 15.628125178662675
-0.092284612357616425, -0.0043967030942440033, 114, 353.061767578125, 1.1000000238418579, 15.625675572915521
-0.092284612357616425, -0.0043967030942440033, 114, 353.061767578125, 1.1000000238418579, 15.625675572915521
-0.092284612357616425, -0.0043967030942440033, 114, 353.061767578125, 1.1000000238418579, 15.625675572915521
-0.092284612357616425, -0.0043967030942440033, 114, 355.7855224609375, 1.1000000238418579, 15.625675572915521
-0.092284612357616425, -0.0043967030942440033, 114, 355.7855224609375, 1.1000000238418579, 15.625675572915521
-0.092284612357616425, -0.0043967030942440033, 114, 355.7855224609375, 1.1000000238418579, 15.625675572915521
-0.037050604820251465, 0.10591113567352295, 115, 357.2568359375, 1.0899999141693115, 15.629005809480351
-0.037050604820251465, 0.10591113567352295, 115, 357.2568359375, 1.0899999141693115, 15.629005809480351
-0.037050604820251465, 0.10591113567352295, 115, 357.2568359375, 1.0899999141693115, 15.629005809480351
-0.037050604820251465, 0.10591113567352295, 115, 357.2568359375, 1.0899999141693115, 15.629005809480351
0.0061638802289962769, 0.32830077409744263, 123, 358.12301635742188, 1.0800000429153442, 15.621803951361557
0.0061638802289962769, 0.32830077409744263, 123, 358.12301635742188, 1.0800000429153442, 15.621803951361557
0.0061638802289962769, 0.32830077409744263, 123, 358.12301635742188, 1.0800000429153442, 15.621803951361557
-0.0081754764541983604, 0.22246195375919342, 103, 356.37142944335938, 1.1200000047683716, 15.63068283651527
-0.0081754764541983604, 0.22246195375919342, 103, 356.37142944335938, 1.1200000047683716, 15.63068283651527
-0.0081754764541983604, 0.22246195375919342, 103, 356.37142944335938, 1.1200000047683716, 15.63068283651527
-0.0081754764541983604, 0.22246195375919342, 103, 356.37142944335938, 1.1200000047683716, 15.63068283651527
-0.0081754764541983604, 0.22246195375919342, 103, 356.37142944335938, 1.1200000047683716, 15.63068283651527
-0.0081754764541983604, 0.22246195375919342, 103, 356.37142944335938, 1.1200000047683716, 15.63068283651527
0.08470616489648819, -0.061378613114356995, 119, 356.5872802734375, 1.0820000171661377, 15.628010167699978
0.08470616489648819, -0.061378613114356995, 119, 356.5872802734375, 1.0820000171661377, 15.628010167699978
0.08470616489648819, -0.061378613114356995, 119, 357.41873168945313, 1.0820000171661377, 15.628010167699978
0.05162399634718895, 0.3079584538936615, 112, 358.1331787109375, 1.1200000047683716, 15.629206566388806
0.05162399634718895, 0.3079584538936615, 112, 358.1331787109375, 1.1200000047683716, 15.629206566388806
0.05162399634718895, 0.3079584538936615, 112, 358.1331787109375, 1.1200000047683716, 15.629206566388806
0.05162399634718895, 0.3079584538936615, 112, 358.1331787109375, 1.1200000047683716, 15.629206566388806
0.05162399634718895, 0.3079584538936615, 112, 358.1331787109375, 1.1200000047683716, 15.629206566388806
-0.11193466931581497, 0.35426542162895203, 114, 355.68402099609375, 1.1000000238418579, 15.624324405547181
-0.11193466931581497, 0.35426542162895203, 114, 355.68402099609375, 1.1000000238418579, 15.624324405547181
-0.11193466931581497, 0.35426542162895203, 114, 354.4454345703125, 1.1000000238418579, 15.624324405547181
-0.11193466931581497, 0.35426542162895203, 114, 354.4454345703125, 1.1000000238418579, 15.624324405547181
0.025743361562490463, 0.28902474045753479, 117, 353.70486450195313, 1.1200000047683716, 15.63419510911654
0.025743361562490463, 0.28902474045753479, 117, 353.70486450195313, 1.1200000047683716, 15.63419510911654
0.025743361562490463, 0.28902474045753479, 117, 353.70486450195313, 1.1200000047683716, 15.63419510911654
0.025743361562490463, 0.28902474045753479, 117, 353.70486450195313, 1.1200000047683716, 15.63419510911654
0.025743361562490463, 0.28902474045753479, 117, 353.70486450195313, 1.1200000047683716, 15.63419510911654
0.025743361562490463, 0.28902474045753479, 117, 353.70486450195313, 1.1200000047683716, 15.63419510911654
0.044150110334157944, 0.41995936632156372, 118, 355.41256713867188, 1.1019999980926514, 15.626117531284876
0.044150110334157944, 0.41995936632156372, 118, 356.168701171875, 1.1019999980926514, 15.626117531284876
0.044150110334157944, 0.41995936632156372, 118, 356.168701171875, 1.1019999980926514, 15.626117531284876
0.044150110334157944, 0.41995936632156372, 118, 356.168701171875, 1.1019999980926514, 15.626117531284876
0.02410295233130455, 0.029264047741889954, 128, 355.51339721679688, 1.0800000429153442, 15.628470984500581
0.02410295233130455, 0.029264047741889954, 128, 355.51339721679688, 1.0800000429153442, 15.628470984500581
0.02410295233130455, 0.029264047741889954, 128, 355.51339721679688, 1.0800000429153442, 15.628470984500581
0.02410295233130455, 0.029264047741889954, 128, 355.51339721679688, 1.0800000429153442, 15.628470984500581
0.02410295233130455, 0.029264047741889954, 128, 355.51339721679688, 1.0800000429153442, 15.628470984500581
-0.12140671163797379, 0.38864898681640625, 121, 352.4759521484375, 1.1099998950958252, 15.625083056414589
-0.12140671163797379, 0.38864898681640625, 121, 351.3724365234375, 1.1099998950958252, 15.625083056414589
-0.12140671163797379, 0.38864898681640625, 121, 351.3724365234375, 1.1099998950958252, 15.625083056414589
0.055004257708787918, 0.4114663302898407, 132, 351.302490234375, 1.0540000200271606, 15.632250299619308
0.055004257708787918, 0.4114663302898407, 132, 351.302490234375, 1.0540000200271606, 15.632250299619308
0.055004257708787918, 0.4114663302898407, 132, 351.302490234375, 1.0540000200271606, 15.632250299619308
0.055004257708787918, 0.4114663302898407, 132, 351.302490234375, 1.0540000200271606, 15.632250299619308
0.055004257708787918, 0.4114663302898407, 132, 351.302490234375, 1.0540000200271606, 15.632250299619308
0.012171600013971329, 0.067145690321922302, 136, 351.338134765625, 1.0959999561309814, 15.624950645540167
0.012171600013971329, 0.067145690321922302, 136, 351.338134765625, 1.0959999561309814, 15.624950645540167
0.012171600013971329, 0.067145690321922302, 136, 351.338134765625, 1.0959999561309814, 15.624950645540167
0.012171600013971329, 0.067145690321922302, 136, 349.28167724609375, 1.0959999561309814, 15.624950645540167
0.012171600013971329, 0.067145690321922302, 136, 349.28167724609375, 1.0959999561309814, 15.624950645540167
-0.071395024657249451, 0.039345294237136841, 130, 346.64059448242188, 1.0659999847412109, 15.629770853055735
-0.071395024657249451, 0.039345294237136841, 130, 346.64059448242188, 1.0659999847412109, 15.629770853055735
-0.071395024657249451, 0.039345294237136841, 130, 346.64059448242188, 1.0659999847412109, 15.629770853055735
-0.071395024657249451, 0.039345294237136841, 130, 346.64059448242188, 1.0659999847412109, 15.629770853055735
0.043944720178842545, 0.12544728815555573, 119, 342.99957275390625, 1.0800000429153442, 15.62426297755483
0.043944720178842545, 0.12544728815555573, 119, 335.3211669921875, 1.0800000429153442, 15.62426297755483
0.043944720178842545, 0.12544728815555573, 119, 335.3211669921875, 1.0800000429153442, 15.62426297755483
0.043944720178842545, 0.12544728815555573, 119, 335.3211669921875, 1.0800000429153442, 15.62426297755483
0.043944720178842545, 0.12544728815555573, 119, 335.3211669921875, 1.0800000429153442, 15.62426297755483
0.16471365094184875, 0.013825781643390656, 125, 319.77862548828125, 1.0880000591278076, 15.628958252242178
0.16471365094184875, 0.013825781643390656, 125, 319.77862548828125, 1.0880000591278076, 15.628958252242178
0.16471365094184875, 0.013825781643390656, 125, 319.77862548828125, 1.0880000591278076, 15.628958252242178
0.16471365094184875, 0.013825781643390656, 125, 319.77862548828125, 1.0880000591278076, 15.628958252242178
0.14221243560314178, 0.082373559474945068, 127, 289.1800537109375, 1.1099998950958252, 15.623375417041363
0.14221243560314178, 0.082373559474945068, 127, 276.47409057617188, 1.1099998950958252, 15.623375417041363
0.14221243560314178, 0.082373559474945068, 127, 276.47409057617188, 1.1099998950958252, 15.623375417041363
0.14221243560314178, 0.082373559474945068, 127, 276.47409057617188, 1.1099998950958252, 15.623375417041363
0.14221243560314178, 0.082373559474945068, 127, 276.47409057617188, 1.1099998950958252, 15.623375417041363
-0.026625936850905418, -0.0039540976285934448, 126, 266.7733154296875, 1.0899999141693115, 15.629625715930818
-0.026625936850905418, -0.0039540976285934448, 126, 266.7733154296875, 1.0899999141693115, 15.629625715930818
-0.026625936850905418, -0.0039540976285934448, 126, 266.7733154296875, 1.0899999141693115, 15.629625715930818
-0.026625936850905418, -0.0039540976285934448, 126, 266.7733154296875, 1.0899999141693115, 15.629625715930818
-0.2590901255607605, -0.44117948412895203, 121, 250.74505615234375, 1.0800000429153442, 15.62497589528834
-0.2590901255607605, -0.44117948412895203, 121, 234.80050659179688, 1.0800000429153442, 15.62497589528834
-0.2590901255607605, -0.44117948412895203, 121, 234.80050659179688, 1.0800000429153442, 15.62497589528834
-0.2590901255607605, -0.44117948412895203, 121, 234.80050659179688, 1.0800000429153442, 15.62497589528834
0.42225953936576843, -0.25259596109390259, 122, 214.04437255859375, 1.0920000076293945, 15.62738600286948
0.42225953936576843, -0.25259596109390259, 122, 214.04437255859375, 1.0920000076293945, 15.62738600286948
0.42225953936576843, -0.25259596109390259, 122, 214.04437255859375, 1.0920000076293945, 15.62738600286948
0.42225953936576843, -0.25259596109390259, 122, 214.04437255859375, 1.0920000076293945, 15.62738600286948
0.10519471019506454, 0.024496309459209442, 119, 175.28102111816406, 1.0800000429153442, 15.623632067398141
0.10519471019506454, 0.024496309459209442, 119, 175.28102111816406, 1.0800000429153442, 15.623632067398141
0.10519471019506454, 0.024496309459209442, 119, 166.12521362304688, 1.0800000429153442, 15.623632067398141
0.10519471019506454, 0.024496309459209442, 119, 166.12521362304688, 1.0800000429153442, 15.623632067398141
0.10519471019506454, 0.024496309459209442, 119, 166.12521362304688, 1.0800000429153442, 15.623632067398141
0.067754827439785004, -0.048533003777265549, 127, 161.12950134277344, 1.0699999332427979, 15.630179706156966
0.067754827439785004, -0.048533003777265549, 127, 161.12950134277344, 1.0699999332427979, 15.630179706156966
0.067754827439785004, -0.048533003777265549, 127, 161.12950134277344, 1.0699999332427979, 15.630179706156966
0.067754827439785004, -0.048533003777265549, 127, 161.12950134277344, 1.0699999332427979, 15.630179706156966
0.067754827439785004, -0.048533003777265549, 127, 161.12950134277344, 1.0699999332427979, 15.630179706156966
0.047928240150213242, 0.084417536854743958, 131, 160.5911865234375, 1.0559999942779541, 15.623308289407436
0.047928240150213242, 0.084417536854743958, 131, 163.18333435058594, 1.0559999942779541, 15.623308289407436
0.047928240150213242, 0.084417536854743958, 131, 163.18333435058594, 1.0559999942779541, 15.623308289407436
0.047928240150213242, 0.084417536854743958, 131, 163.18333435058594, 1.0559999942779541, 15.623308289407436
-0.02815207839012146, 0.33480572700500488, 114, 169.51564025878906, 1.0699999332427979, 15.627585439319061
-0.02815207839012146, 0.33480572700500488, 114, 169.51564025878906, 1.0699999332427979, 15.627585439319061
-0.02815207839012146, 0.33480572700500488, 114, 169.51564025878906, 1.0699999332427979, 15.627585439319061
-0.02815207839012146, 0.33480572700500488, 114, 169.51564025878906, 1.0699999332427979, 15.627585439319061
-0.02815207839012146, 0.33480572700500488, 114, 169.51564025878906, 1.0699999332427979, 15.627585439319061
0.077827870845794678, -0.3407113254070282, 117, 192.5501708984375, 1.093999981880188, 15.625751729302445
0.077827870845794678, -0.3407113254070282, 117, 204.78480529785156, 1.093999981880188, 15.625751729302445
0.077827870845794678, -0.3407113254070282, 117, 204.78480529785156, 1.093999981880188, 15.625751729302445
0.077827870845794678, -0.3407113254070282, 117, 204.78480529785156, 1.093999981880188, 15.625751729302445
-0.15006095170974731, 0.043169066309928894, 128, 219.0518798828125, 1.0800000429153442, 15.632251503362006
-0.15006095170974731, 0.043169066309928894, 128, 219.0518798828125, 1.0800000429153442, 15.632251503362006
-0.15006095170974731, 0.043169066309928894, 128, 219.0518798828125, 1.0800000429153442, 15.632251503362006
-0.15006095170974731, 0.043169066309928894, 128, 219.0518798828125, 1.0800000429153442, 15.632251503362006
-0.035239100456237793, 0.1189858615398407, 119, 240.7498779296875, 1.0779999494552612, 15.623751367767934
-0.035239100456237793, 0.1189858615398407, 119, 240.7498779296875, 1.0779999494552612, 15.623751367767934
-0.035239100456237793, 0.1189858615398407, 119, 240.7498779296875, 1.0779999494552612, 15.623751367767934
-0.035239100456237793, 0.1189858615398407, 119, 243.54258728027344, 1.0779999494552612, 15.623751367767934
-0.035239100456237793, 0.1189858615398407, 119, 243.54258728027344, 1.0779999494552612, 15.623751367767934
-0.086648270487785339, 0.030185064300894737, 122, 244.71501159667969, 1.0800000429153442, 15.632651286417449
-0.086648270487785339, 0.030185064300894737, 122, 244.71501159667969, 1.0800000429153442, 15.632651286417449
-0.086648270487785339, 0.030185064300894737, 122, 244.71501159667969, 1.0800000429153442, 15.632651286417449
-0.086648270487785339, 0.030185064300894737, 122, 244.71501159667969, 1.0800000429153442, 15.632651286417449
-0.086648270487785339, 0.030185064300894737, 122, 244.71501159667969, 1.0800000429153442, 15.632651286417449
-0.086648270487785339, 0.030185064300894737, 122, 244.71501159667969, 1.0800000429153442, 15.632651286417449
0.28598004579544067, 0.040790103375911713, 119, 249.16195678710938, 1.0800000429153442, 15.629591237694177
0.28598004579544067, 0.040790103375911713, 119, 249.16195678710938, 1.0800000429153442, 15.629591237694177
0.28598004579544067, 0.040790103375911713, 119, 249.16195678710938, 1.0800000429153442, 15.629591237694177
0.094256997108459473, -0.0431697778403759, 125, 247.27734375, 1.0699999332427979, 15.630955208434941
0.094256997108459473, -0.0431697778403759, 125, 247.27734375, 1.0699999332427979, 15.630955208434941
0.094256997108459473, -0.0431697778403759, 125, 245.01521301269531, 1.0699999332427979, 15.630955208434941
0.094256997108459473, -0.0431697778403759, 125, 245.01521301269531, 1.0699999332427979, 15.630955208434941
0.094256997108459473, -0.0431697778403759, 125, 245.01521301269531, 1.0699999332427979, 15.630955208434941
0.094256997108459473, -0.0431697778403759, 125, 245.01521301269531, 1.0699999332427979, 15.630955208434941
0.072889499366283417, 0.049586951732635498, 118, 244.0296630859375, 1.0800000429153442, 15.5985735904172
0.072889499366283417, 0.049586951732635498, 118, 244.0296630859375, 1.0800000429153442, 15.5985735904172
0.072889499366283417, 0.049586951732635498, 118, 244.0296630859375, 1.0800000429153442, 15.5985735904172
0.016027791425585747, 0.30636388063430786, 128, 242.96243286132813, 1.0639998912811279, 15.617144619400761
0.016027791425585747, 0.30636388063430786, 128, 242.96243286132813, 1.0639998912811279, 15.617144619400761
0.016027791425585747, 0.30636388063430786, 128, 242.96243286132813, 1.0639998912811279, 15.617144619400761
0.016027791425585747, 0.30636388063430786, 128, 242.96243286132813, 1.0639998912811279, 15.617144619400761
-0.030260389670729637, 0.22276727855205536, 118, 242.59927368164063, 1.0740000009536743, 15.620687237120418
-0.030260389670729637, 0.22276727855205536, 118, 242.59927368164063, 1.0740000009536743, 15.620687237120418
-0.030260389670729637, 0.22276727855205536, 118, 243.29736328125, 1.0740000009536743, 15.620687237120418
-0.030260389670729637, 0.22276727855205536, 118, 243.29736328125, 1.0740000009536743, 15.620687237120418
-0.030260389670729637, 0.22276727855205536, 118, 243.29736328125, 1.0740000009536743, 15.620687237120418
-0.051313042640686035, 0.040617857128381729, 129, 243.16279602050781, 1.0699999332427979, 15.625212807872437
-0.051313042640686035, 0.040617857128381729, 129, 243.16279602050781, 1.0699999332427979, 15.625212807872437
-0.051313042640686035, 0.040617857128381729, 129, 243.16279602050781, 1.0699999332427979, 15.625212807872437
-0.051313042640686035, 0.040617857128381729, 129, 243.16279602050781, 1.0699999332427979, 15.625212807872437
-0.051313042640686035, 0.040617857128381729, 129, 243.16279602050781, 1.0699999332427979, 15.625212807872437
0.16865953803062439, -0.037330858409404755, 127, 240.29335021972656, 1.059999942779541, 15.623528150365981
0.16865953803062439, -0.037330858409404755, 127, 240.29335021972656, 1.059999942779541, 15.623528150365981
0.16865953803062439, -0.037330858409404755, 127, 240.29335021972656, 1.059999942779541, 15.623528150365981
0.16865953803062439, -0.037330858409404755, 127, 240.29335021972656, 1.059999942779541, 15.623528150365981
0.2804282009601593, -0.047469958662986755, 119, 241.0155029296875, 1.0699999332427979, 15.632917355976915
0.2804282009601593, -0.047469958662986755, 119, 241.0155029296875, 1.0699999332427979, 15.632917355976915
0.2804282009601593, -0.047469958662986755, 119, 241.0155029296875, 1.0699999332427979, 15.632917355976915
0.2804282009601593, -0.047469958662986755, 119, 241.0155029296875, 1.0699999332427979, 15.632917355976915
0.14740261435508728, -0.01396159827709198, 117, 236.39425659179688, 1.062000036239624, 15.626550879388518
0.14740261435508728, -0.01396159827709198, 117, 236.39425659179688, 1.062000036239624, 15.626550879388518
0.14740261435508728, -0.01396159827709198, 117, 236.39425659179688, 1.062000036239624, 15.626550879388518
0.14740261435508728, -0.01396159827709198, 117, 225.89122009277344, 1.062000036239624, 15.626550879388518
0.14740261435508728, -0.01396159827709198, 117, 225.89122009277344, 1.062000036239624, 15.626550879388518
0.14740261435508728, -0.01396159827709198, 117, 225.89122009277344, 1.062000036239624, 15.626550879388518
0.062064625322818756, -0.12249591946601868, 119, 194.78012084960938, 1.0699999332427979, 15.627530993355215
0.062064625322818756, -0.12249591946601868, 119, 194.78012084960938, 1.0699999332427979, 15.627530993355215
0.062064625322818756, -0.12249591946601868, 119, 194.78012084960938, 1.0699999332427979, 15.627530993355215
0.062064625322818756, -0.12249591946601868, 119, 194.78012084960938, 1.0699999332427979, 15.627530993355215
0.29082116484642029, 0.084932029247283936, 121, 181.559814453125, 1.0800000429153442, 15.624919061710917
0.29082116484642029, 0.084932029247283936, 121, 181.559814453125, 1.0800000429153442, 15.624919061710917
0.29082116484642029, 0.084932029247283936, 121, 172.95973205566406, 1.0800000429153442, 15.624919061710917
0.29082116484642029, 0.084932029247283936, 121, 172.95973205566406, 1.0800000429153442, 15.624919061710917
0.26477888226509094, 0.42140993475914001, 115, 164.51229858398438, 1.0699999332427979, 15.633351902811079
0.26477888226509094, 0.42140993475914001, 115, 164.51229858398438, 1.0699999332427979, 15.633351902811079
0.26477888226509094, 0.42140993475914001, 115, 164.51229858398438, 1.0699999332427979, 15.633351902811079
0.036500707268714905, 0.16724014282226563, 112, 152.45832824707031, 1.0899999141693115, 15.625211607475535
0.036500707268714905, 0.16724014282226563, 112, 152.45832824707031, 1.0899999141693115, 15.625211607475535
0.036500707268714905, 0.16724014282226563, 112, 152.45832824707031, 1.0899999141693115, 15.625211607475535
0.036500707268714905, 0.16724014282226563, 112, 152.45832824707031, 1.0899999141693115, 15.625211607475535
0.036500707268714905, 0.16724014282226563, 112, 148.27780151367188, 1.0899999141693115, 15.625211607475535
0.036500707268714905, 0.16724014282226563, 112, 148.27780151367188, 1.0899999141693115, 15.625211607475535
0.05493888258934021, 0.062543235719203949, 112, 145.39581298828125, 1.0719999074935913, 15.631127430241062
0.05493888258934021, 0.062543235719203949, 112, 145.39581298828125, 1.0719999074935913, 15.631127430241062
0.05493888258934021, 0.062543235719203949, 112, 145.39581298828125, 1.0719999074935913, 15.631127430241062
0.05493888258934021, 0.062543235719203949, 112, 145.39581298828125, 1.0719999074935913, 15.631127430241062
0.19685989618301392, -0.16106024384498596, 107, 123.37236785888672, 1.0800000429153442, 15.626676923922211
0.19685989618301392, -0.16106024384498596, 107, 123.37236785888672, 1.0800000429153442, 15.626676923922211
0.19685989618301392, -0.16106024384498596, 107, 123.37236785888672, 1.0800000429153442, 15.626676923922211
0.19685989618301392, -0.16106024384498596, 107, 123.37236785888672, 1.0800000429153442, 15.626676923922211
-0.40038245916366577, 0.10431981086730957, 120, 74.981498718261719, 1.0800000429153442, 15.630806620126119
-0.40038245916366577, 0.10431981086730957, 120, 74.981498718261719, 1.0800000429153442, 15.630806620126119
-0.40038245916366577, 0.10431981086730957, 120, 74.981498718261719, 1.0800000429153442, 15.630806620126119
-0.40038245916366577, 0.10431981086730957, 120, 74.981498718261719, 1.0800000429153442, 15.630806620126119
-0.40038245916366577, 0.10431981086730957, 120, 74.981498718261719, 1.0800000429153442, 15.630806620126119
-0.40038245916366577, 0.10431981086730957, 120, 74.981498718261719, 1.0800000429153442, 15.630806620126119
0.010172188282012939, 0.023014511913061142, 107, 52.181884765625, 1.0740000009536743, 15.624084437809834
0.010172188282012939, 0.023014511913061142, 107, 52.181884765625, 1.0740000009536743, 15.624084437809834
0.010172188282012939, 0.023014511913061142, 107, 52.181884765625, 1.0740000009536743, 15.624084437809834
-0.12093663215637207, 0.72683924436569214, 116, 50.591342926025391, 1.0499999523162842, 15.631651128432647
-0.12093663215637207, 0.72683924436569214, 116, 50.607368469238281, 1.0499999523162842, 15.631651128432647
-0.12093663215637207, 0.72683924436569214, 116, 50.607368469238281, 1.0499999523162842, 15.631651128432647
-0.12093663215637207, 0.72683924436569214, 116, 50.607368469238281, 1.0499999523162842, 15.631651128432647
0.054558031260967255, 0.27329230308532715, 115, 50.659717559814453, 1.0800000429153442, 15.625391142825807
0.054558031260967255, 0.27329230308532715, 115, 50.659717559814453, 1.0800000429153442, 15.625391142825807
0.054558031260967255, 0.27329230308532715, 115, 50.659717559814453, 1.0800000429153442, 15.625391142825807
0.054558031260967255, 0.27329230308532715, 115, 50.659717559814453, 1.0800000429153442, 15.625391142825807
-0.02326185442507267, 0.41755819320678711, 115, 49.641471862792969, 1.0579999685287476, 15.625391142825807
-0.02326185442507267, 0.41755819320678711, 115, 49.641471862792969, 1.0579999685287476, 15.625391142825807
-0.02326185442507267, 0.41755819320678711, 115, 46.222347259521484, 1.0579999685287476, 15.62963515143166
-0.02326185442507267, 0.41755819320678711, 115, 46.222347259521484, 1.0579999685287476, 15.62963515143166
-0.02326185442507267, 0.41755819320678711, 115, 46.222347259521484, 1.0579999685287476, 15.62963515143166
-0.02326185442507267, 0.41755819320678711, 115, 46.222347259521484, 1.0579999685287476, 15.62963515143166
0.038628488779067993, 0.23464758694171906, 124, 45.343418121337891, 1.1019999980926514, 15.625781556600991
0.038628488779067993, 0.23464758694171906, 124, 45.343418121337891, 1.1019999980926514, 15.625781556600991
0.038628488779067993, 0.23464758694171906, 124, 45.343418121337891, 1.1019999980926514, 15.625781556600991
0.042297638952732086, 0.34662628173828125, 105, 45.088790893554688, 1.0899999141693115, 15.617469399521305
0.042297638952732086, 0.34662628173828125, 105, 45.088790893554688, 1.0899999141693115, 15.617469399521305
0.042297638952732086, 0.34662628173828125, 105, 45.088790893554688, 1.0899999141693115, 15.617469399521305
0.042297638952732086, 0.34662628173828125, 105, 45.088790893554688, 1.0899999141693115, 15.617469399521305
0.042297638952732086, 0.34662628173828125, 105, 45.088790893554688, 1.0899999141693115, 15.617469399521305
0.042297638952732086, 0.34662628173828125, 105, 45.088790893554688, 1.0899999141693115, 15.617469399521305
-0.033379305154085159, 0.17712508141994476, 118, 44.202079772949219, 1.1099998950958252, 15.615682105123
-0.033379305154085159, 0.17712508141994476, 118, 44.202079772949219, 1.1099998950958252, 15.615682105123
-0.033379305154085159, 0.17712508141994476, 118, 44.202079772949219, 1.1099998950958252, 15.615682105123
-0.033379305154085159, 0.17712508141994476, 118, 44.202079772949219, 1.1099998950958252, 15.615682105123
-0.033379305154085159, 0.17712508141994476, 118, 44.202079772949219, 1.1099998950958252, 15.615682105123
-0.007982294075191021, 0.18642689287662506, 101, 40.682407379150391, 1.1000000238418579, 15.620609728530813
-0.007982294075191021, 0.18642689287662506, 101, 40.682407379150391, 1.1000000238418579, 15.620609728530813
-0.007982294075191021, 0.18642689287662506, 101, 40.682407379150391, 1.1000000238418579, 15.620609728530813
-0.007982294075191021, 0.18642689287662506, 101, 40.682407379150391, 1.1000000238418579, 15.620609728530813
-0.007982294075191021, 0.18642689287662506, 101, 40.682407379150391, 1.1000000238418579, 15.620609728530813
0.11013706028461456, -0.019685102626681328, 118, 40.626068115234375, 1.0379999876022339, 15.622766302681063
0.11013706028461456, -0.019685102626681328, 118, 40.626068115234375, 1.0379999876022339, 15.622766302681063
0.11013706028461456, -0.019685102626681328, 118, 40.626068115234375, 1.0379999876022339, 15.622766302681063
0.044440321624279022, 0.3233552873134613, 118, 40.535488128662109, 1.0699999332427979, 15.631260247329919
0.044440321624279022, 0.3233552873134613, 118, 40.535488128662109, 1.0699999332427979, 15.631260247329919
0.044440321624279022, 0.3233552873134613, 118, 40.535488128662109, 1.0699999332427979, 15.631260247329919
0.044440321624279022, 0.3233552873134613, 118, 40.535488128662109, 1.0699999332427979, 15.631260247329919
0.044440321624279022, 0.3233552873134613, 118, 40.535488128662109, 1.0699999332427979, 15.631260247329919
0.044440321624279022, 0.3233552873134613, 118, 40.535488128662109, 1.0699999332427979, 15.631260247329919
-0.059236094355583191, 0.2610352635383606, 125, 38.162010192871094, 1.0399999618530273, 15.62475661414889
-0.059236094355583191, 0.2610352635383606, 125, 38.162010192871094, 1.0399999618530273, 15.62475661414889
-0.059236094355583191, 0.2610352635383606, 125, 38.162010192871094, 1.0399999618530273, 15.62475661414889
-0.059236094355583191, 0.2610352635383606, 125, 38.162010192871094, 1.0399999618530273, 15.62475661414889
-0.0024208687245845795, 0.26933643221855164, 119, 35.943168640136719, 1.059999942779541, 15.631654434246148
-0.0024208687245845795, 0.26933643221855164, 119, 35.943168640136719, 1.059999942779541, 15.631654434246148
-0.0024208687245845795, 0.26933643221855164, 119, 35.943168640136719, 1.059999942779541, 15.631654434246148
-0.0024208687245845795, 0.26933643221855164, 119, 35.943168640136719, 1.059999942779541, 15.631654434246148
-0.0024208687245845795, 0.26933643221855164, 119, 35.943168640136719, 1.059999942779541, 15.631654434246148
0.020736396312713623, 0.13102690875530243, 129, 31.450344085693359, 1.059999942779541, 15.62899312636763
0.020736396312713623, 0.13102690875530243, 129, 31.450344085693359, 1.059999942779541, 15.62899312636763
0.020736396312713623, 0.13102690875530243, 129, 31.450344085693359, 1.059999942779541, 15.62899312636763
0.17083552479743958, 0.28178635239601135, 119, 30.574409484863281, 1.034000039100647, 15.633796341672436
0.17083552479743958, 0.28178635239601135, 119, 30.574409484863281, 1.034000039100647, 15.633796341672436
0.17083552479743958, 0.28178635239601135, 119, 30.574409484863281, 1.034000039100647, 15.633796341672436
0.17083552479743958, 0.28178635239601135, 119, 30.574409484863281, 1.034000039100647, 15.633796341672436
-0.20607964694499969, -0.22172114253044128, 97, 28.137807846069336, 0.25999999046325684, 15.62267827076122
-0.20607964694499969, -0.22172114253044128, 97, 28.137807846069336, 0.25999999046325684, 15.62267827076122
-0.20607964694499969, -0.22172114253044128, 97, 28.137807846069336, 0.25999999046325684, 15.62267827076122
-0.20607964694499969, -0.22172114253044128, 97, 28.137807846069336, 0.25999999046325684, 15.62267827076122
-0.20607964694499969, -0.22172114253044128, 97, 28.137807846069336, 0.25999999046325684, 15.62267827076122
-0.20607964694499969, -0.22172114253044128, 97, 28.137807846069336, 0.25999999046325684, 15.62267827076122
1.359428882598877, -0.27171498537063599, 116, 27.554872512817383, 0.17199999094009399, 15.632007428187833
1.359428882598877, -0.27171498537063599, 116, 27.554872512817383, 0.17199999094009399, 15.632007428187833
1.359428882598877, -0.27171498537063599, 116, 27.554872512817383, 0.17199999094009399, 15.632007428187833
1.359428882598877, -0.27171498537063599, 116, 27.554872512817383, 0.17199999094009399, 15.632007428187833
-2.5253920555114746, -1.0460853576660156, 65, 31.219499588012695, 0.070000000298023224, 15.63040492275894
-2.5253920555114746, -1.0460853576660156, 65, 31.219499588012695, 0.070000000298023224, 15.63040492275894
-2.5253920555114746, -1.0460853576660156, 65, 31.219499588012695, 0.070000000298023224, 15.63040492275894
-2.5253920555114746, -1.0460853576660156, 65, 31.219499588012695, 0.070000000298023224, 15.63040492275894
0.0070201600901782513, -0.015883725136518478, 0, 30.703786849975586, 0.0, 15.607843419141531
0.0070201600901782513, -0.015883725136518478, 0, 30.703786849975586, 0.0, 15.607843419141531
0.0070201600901782513, -0.015883725136518478, 0, 30.703786849975586, 0.0, 15.607843419141531
0.017891084775328636, -0.021475696936249733, 26, 29.581119537353516, 0.0, 15.609906516665635
0.017891084775328636, -0.021475696936249733, 26, 29.581119537353516, 0.0, 15.609906516665635
0.017891084775328636, -0.021475696936249733, 26, 29.581119537353516, 0.0, 15.609906516665635
0.017891084775328636, -0.021475696936249733, 26, 29.581119537353516, 0.0, 15.609906516665635
0.017891084775328636, -0.021475696936249733, 26, 29.581119537353516, 0.0, 15.609906516665635
0.0080426232889294624, -0.018164174631237984, 27, 28.461217880249023, 0.0, 15.624344375425981
0.0080426232889294624, -0.018164174631237984, 27, 28.461217880249023, 0.0, 15.624344375425981
0.0080426232889294624, -0.018164174631237984, 27, 28.461217880249023, 0.0, 15.624344375425981
0.0080426232889294624, -0.018164174631237984, 27, 28.461217880249023, 0.0, 15.624344375425981
0.0080426232889294624, -0.018164174631237984, 27, 28.461217880249023, 0.0, 15.624344375425981
0.0080426232889294624, -0.018164174631237984, 27, 28.461217880249023, 0.0, 15.624344375425981
0.0075643393211066723, -0.018005223944783211, 28, 27.353239059448242, 0.0, 15.621807090859523
0.0075643393211066723, -0.018005223944783211, 28, 27.353239059448242, 0.0, 15.621807090859523
0.0075643393211066723, -0.018005223944783211, 28, 27.353239059448242, 0.0, 15.621807090859523
0.0072596208192408085, -0.018134424462914467, 26, 26.263315200805664, 0.0, 15.625084720130678
0.0072596208192408085, -0.018134424462914467, 26, 26.263315200805664, 0.0, 15.625084720130678
0.0072596208192408085, -0.018134424462914467, 26, 25.747768402099609, 0.0, 15.625084720130678
0.0072596208192408085, -0.018134424462914467, 26, 25.747768402099609, 0.0, 15.625084720130678
0.0072596208192408085, -0.018134424462914467, 26, 25.747768402099609, 0.0, 15.625084720130678
0.0072596208192408085, -0.018134424462914467, 26, 25.747768402099609, 0.0, 15.625084720130678
0.0072596208192408085, -0.018134424462914467, 26, 25.747768402099609, 0.0, 15.625084720130678
0.0071401707828044891, -0.018066169694066048, 27, 24.68769645690918, 0.0, 15.621051297682108
0.0071401707828044891, -0.018066169694066048, 27, 24.68769645690918, 0.0, 15.621051297682108
0.0072913113981485367, -0.018239248543977737, 26, 24.127220153808594, 0.0, 15.60663124393799
0.0072913113981485367, -0.018239248543977737, 26, 24.127220153808594, 0.0, 15.60663124393799
0.0072913113981485367, -0.018239248543977737, 26, 23.640012741088867, 0.0, 15.60663124393799
0.0072913113981485367, -0.018239248543977737, 26, 23.640012741088867, 0.0, 15.60663124393799
0.0072913113981485367, -0.018239248543977737, 26, 23.640012741088867, 0.0, 15.60663124393799
0.0072913113981485367, -0.018239248543977737, 26, 23.640012741088867, 0.0, 15.60663124393799
0.0076837893575429916, -0.017985722050070763, 26, 22.606718063354492, 0.0, 15.609979211526532
0.0076837893575429916, -0.017985722050070763, 26, 22.606718063354492, 0.0, 15.609979211526532
0.0076837893575429916, -0.017985722050070763, 26, 22.606718063354492, 0.0, 15.609979211526532
0.0076837893575429916, -0.017985722050070763, 26, 22.606718063354492, 0.0, 15.609979211526532
0.0049057169817388058, -0.027739066630601883, 28, 22.071588516235352, 0.0, 15.619987992278688
0.0049057169817388058, -0.027739066630601883, 28, 21.581811904907227, 0.0, 15.619987992278688
0.0049057169817388058, -0.027739066630601883, 28, 21.581811904907227, 0.0, 15.619987992278688
0.0049057169817388058, -0.027739066630601883, 28, 21.581811904907227, 0.0, 15.619987992278688
0.0074375760741531849, -0.018085669726133347, 25, 21.061515808105469, 0.0, 15.617993260849399
0.0074375760741531849, -0.018085669726133347, 25, 20.580146789550781, 0.0, 15.617993260849399
0.0074375760741531849, -0.018085669726133347, 25, 20.580146789550781, 0.0, 15.617993260849399
0.0074375760741531849, -0.018085669726133347, 25, 20.580146789550781, 0.0, 15.617993260849399
0.0075082704424858093, -0.018327008932828903, 30, 20.058271408081055, 0.0, 15.626796422093282
0.0075082704424858093, -0.018327008932828903, 30, 20.058271408081055, 0.0, 15.626796422093282
0.0075082704424858093, -0.018327008932828903, 30, 19.58820915222168, 0.0, 15.626796422093282
0.0075082704424858093, -0.018327008932828903, 30, 19.58820915222168, 0.0, 15.626796422093282
0.0075082704424858093, -0.018327008932828903, 30, 19.58820915222168, 0.0, 15.626796422093282
0.0081137679517269135, -0.017754947766661644, 25, 19.072956085205078, 0.0, 15.621678318894521
0.0081137679517269135, -0.017754947766661644, 25, 18.601688385009766, 0.0, 15.621678318894521
0.0081137679517269135, -0.017754947766661644, 25, 18.601688385009766, 0.0, 15.621678318894521
0.0081137679517269135, -0.017754947766661644, 25, 18.601688385009766, 0.0, 15.621678318894521
0.0081137679517269135, -0.017754947766661644, 25, 18.601688385009766, 0.0, 15.621678318894521
0.0077375490218400955, -0.017913226038217545, 0, 18.104646682739258, 0.0, 15.62900745700821
0.0077375490218400955, -0.017913226038217545, 0, 18.104646682739258, 0.0, 15.62900745700821
0.0077375490218400955, -0.017913226038217545, 0, 18.104646682739258, 0.0, 15.62900745700821
0.0077375490218400955, -0.017913226038217545, 0, 18.104646682739258, 0.0, 15.62900745700821
0.0069404221139848232, -0.019000664353370667, 25, 17.125896453857422, 0.0, 15.625404939931956
0.0069404221139848232, -0.019000664353370667, 25, 17.125896453857422, 0.0, 15.625404939931956
0.0069404221139848232, -0.019000664353370667, 25, 17.125896453857422, 0.0, 15.625404939931956
0.0069404221139848232, -0.019000664353370667, 25, 17.125896453857422, 0.0, 15.625404939931956
0.0069404221139848232, -0.019000664353370667, 25, 17.125896453857422, 0.0, 15.625404939931956
0.0071694240905344486, -0.017551803961396217, 26, 16.17999267578125, 0.0, 15.62964342969568
0.0071694240905344486, -0.017551803961396217, 26, 15.733672142028809, 0.0, 15.62964342969568
0.0071694240905344486, -0.017551803961396217, 26, 15.733672142028809, 0.0, 15.62964342969568
0.0070192851126194, -0.017365798354148865, 28, 15.254339218139648, 0.0, 15.624186523535759
0.0070192851126194, -0.017365798354148865, 28, 15.254339218139648, 0.0, 15.624186523535759
0.0070192851126194, -0.017365798354148865, 28, 14.802848815917969, 0.0, 15.624186523535759
0.0070192851126194, -0.017365798354148865, 28, 14.802848815917969, 0.0, 15.624186523535759
0.0070192851126194, -0.017365798354148865, 28, 14.802848815917969, 0.0, 15.624186523535759
0.0070192851126194, -0.017365798354148865, 28, 14.802848815917969, 0.0, 15.624186523535759
0.0075835525058209896, -0.018684046342968941, 27, 14.319521903991699, 0.0, 15.633712379900437
0.0075835525058209896, -0.018684046342968941, 27, 14.319521903991699, 0.0, 15.633712379900437
0.0075835525058209896, -0.018684046342968941, 27, 14.319521903991699, 0.0, 15.633712379900437
0.0073790703900158405, -0.0178028903901577, 27, 13.404044151306152, 0.0, 15.626627893755625
0.0073790703900158405, -0.0178028903901577, 27, 13.404044151306152, 0.0, 15.626627893755625
0.0073790703900158405, -0.0178028903901577, 27, 13.404044151306152, 0.0, 15.626627893755625
0.0073790703900158405, -0.0178028903901577, 27, 13.404044151306152, 0.0, 15.626627893755625
0.0073790703900158405, -0.0178028903901577, 27, 13.404044151306152, 0.0, 15.626627893755625
0.0066477446816861629, -0.019160717725753784, 0, 12.490239143371582, 0.0, 15.605577201649492
0.0066477446816861629, -0.019160717725753784, 0, 12.490239143371582, 0.0, 15.605577201649492
0.0066477446816861629, -0.019160717725753784, 0, 12.490239143371582, 0.0, 15.605577201649492
0.0066477446816861629, -0.019160717725753784, 0, 12.490239143371582, 0.0, 15.605577201649492
0.006892811506986618, -0.018131937831640244, 27, 11.57851505279541, 0.0, 15.612546786175987
0.006892811506986618, -0.018131937831640244, 27, 11.57851505279541, 0.0, 15.612546786175987
0.006892811506986618, -0.018131937831640244, 27, 11.57851505279541, 0.0, 15.612546786175987
0.006892811506986618, -0.018131937831640244, 27, 11.57851505279541, 0.0, 15.612546786175987
0.0080204801633954048, -0.016828248277306557, 25, 11.157979965209961, 0.0, 15.612546786175987
0.0080204801633954048, -0.016828248277306557, 25, 11.157979965209961, 0.0, 15.612546786175987
0.0080204801633954048, -0.016828248277306557, 25, 10.680933952331543, 0.0, 15.623928537165337
0.0080204801633954048, -0.016828248277306557, 25, 10.680933952331543, 0.0, 15.623928537165337
0.0080204801633954048, -0.016828248277306557, 25, 10.680933952331543, 0.0, 15.623928537165337
0.0076117184944450855, -0.01827450655400753, 0, 9.8091135025024414, 0.0, 15.617157587827656
0.0076117184944450855, -0.01827450655400753, 0, 9.8091135025024414, 0.0, 15.617157587827656
0.0076117184944450855, -0.01827450655400753, 0, 9.8091135025024414, 0.0, 15.617157587827656
0.0076117184944450855, -0.01827450655400753, 0, 9.8091135025024414, 0.0, 15.617157587827656
0.0073961350135505199, -0.018212433904409409, 0, 8.9201736450195313, 0.0, 15.624695018236469
0.0073961350135505199, -0.018212433904409409, 0, 8.9201736450195313, 0.0, 15.624695018236469
0.0073961350135505199, -0.018212433904409409, 0, 8.9201736450195313, 0.0, 15.624695018236469
0.0073961350135505199, -0.018212433904409409, 0, 8.5131673812866211, 0.0, 15.624695018236469
0.0073961350135505199, -0.018212433904409409, 0, 8.5131673812866211, 0.0, 15.624695018236469
0.0075154509395360947, -0.017990870401263237, 26, 8.0589141845703125, 0.0, 15.625217476601858
0.0075154509395360947, -0.017990870401263237, 26, 8.0589141845703125, 0.0, 15.625217476601858
0.0075154509395360947, -0.017990870401263237, 26, 7.6335268020629883, 0.0, 15.625217476601858
0.0075154509395360947, -0.017990870401263237, 26, 7.6335268020629883, 0.0, 15.625217476601858
0.0075154509395360947, -0.017990870401263237, 26, 7.6335268020629883, 0.0, 15.625217476601858
0.0074765807949006557, -0.017749261111021042, 29, 7.2082347869873047, 0.0, 15.62833095167527
0.0074765807949006557, -0.017749261111021042, 29, 7.2082347869873047, 0.0, 15.62833095167527
0.0074765807949006557, -0.017749261111021042, 29, 7.2082347869873047, 0.0, 15.62833095167527
0.0074765807949006557, -0.017749261111021042, 29, 7.2082347869873047, 0.0, 15.62833095167527
0.0076204081997275352, -0.017378723248839378, 25, 6.3435149192810059, 0.0, 15.618199036614733
0.0076204081997275352, -0.017378723248839378, 25, 6.3435149192810059, 0.0, 15.618199036614733
0.0076204081997275352, -0.017378723248839378, 25, 6.3435149192810059, 0.0, 15.618199036614733
0.0076204081997275352, -0.017378723248839378, 25, 6.3435149192810059, 0.0, 15.618199036614733
0.0076204081997275352, -0.017378723248839378, 25, 6.3435149192810059, 0.0, 15.618199036614733
0.0076204081997275352, -0.017378723248839378, 25, 6.3435149192810059, 0.0, 15.618199036614733
0.0084419306367635727, -0.013724535703659058, 0, 5.5092930793762207, 0.0, 15.626919887557385
0.0084419306367635727, -0.013724535703659058, 0, 5.5092930793762207, 0.0, 15.626919887557385
0.0084419306367635727, -0.013724535703659058, 0, 5.5092930793762207, 0.0, 15.626919887557385
0.0061684134416282177, -0.02164958231151104, 0, 4.6741290092468262, 0.0, 15.625752398235532
0.0061684134416282177, -0.02164958231151104, 0, 4.6741290092468262, 0.0, 15.625752398235532
0.0061684134416282177, -0.02164958231151104, 0, 4.6741290092468262, 0.0, 15.625752398235532
0.0061684134416282177, -0.02164958231151104, 0, 4.6741290092468262, 0.0, 15.625752398235532
0.0076545365154743195, -0.015338325873017311, 27, 3.8165266513824463, 0.0, 15.628651904668228
0.0076545365154743195, -0.015338325873017311, 27, 3.8165266513824463, 0.0, 15.628651904668228
0.0076545365154743195, -0.015338325873017311, 27, 3.4419283866882324, 0.0, 15.628651904668228
0.0076545365154743195, -0.015338325873017311, 27, 3.4419283866882324, 0.0, 15.628651904668228
0.0076545365154743195, -0.015338325873017311, 27, 3.4419283866882324, 0.0, 15.628651904668228
0.0076545365154743195, -0.015338325873017311, 27, 3.4419283866882324, 0.0, 15.628651904668228
0.0066252714022994041, -0.019554765895009041, 29, 3.0112662315368652, 0.0, 15.624391608507569
0.0066252714022994041, -0.019554765895009041, 29, 3.0112662315368652, 0.0, 15.624391608507569
0.0066252714022994041, -0.019554765895009041, 29, 3.0112662315368652, 0.0, 15.624391608507569
0.0066252714022994041, -0.019554765895009041, 29, 3.0112662315368652, 0.0, 15.624391608507569
0.0069527230225503445, -0.018560277298092842, 27, 2.2008333206176758, 0.0, 15.633035430876493
0.0069527230225503445, -0.018560277298092842, 27, 2.2008333206176758, 0.0, 15.633035430876493
0.0069527230225503445, -0.018560277298092842, 27, 2.2008333206176758, 0.0, 15.633035430876493
0.0069527230225503445, -0.018560277298092842, 27, 2.2008333206176758, 0.0, 15.633035430876493
0.0076735429465770721, -0.017754947766661644, 0, 1.3750461339950562, 0.0, 15.628621724360881
0.0076735429465770721, -0.017754947766661644, 0, 1.3750461339950562, 0.0, 15.628621724360881
0.0076735429465770721, -0.017754947766661644, 0, 0.99328666925430298, 0.0, 15.628621724360881
0.0076735429465770721, -0.017754947766661644, 0, 0.99328666925430298, 0.0, 15.628621724360881
0.0076735429465770721, -0.017754947766661644, 0, 0.99328666925430298, 0.0, 15.628621724360881
0.0071718618273735046, -0.019194845110177994, 28, 0.57926064729690552, 0.0, 15.627573500370126
0.0071718618273735046, -0.019194845110177994, 28, 0.57926064729690552, 0.0, 15.627573500370126
0.0071718618273735046, -0.019194845110177994, 28, 0.57926064729690552, 0.0, 15.627573500370126
0.0071718618273735046, -0.019194845110177994, 28, 0.57926064729690552, 0.0, 15.627573500370126
0.0071718618273735046, -0.019194845110177994, 28, 0.57926064729690552, 0.0, 15.627573500370126
0.0071603516116738319, -0.017808455973863602, 0, 359.37863159179688, 0.0, 15.622944565891075
0.0071603516116738319, -0.017808455973863602, 0, 359.37863159179688, 0.0, 15.622944565891075
0.0071603516116738319, -0.017808455973863602, 0, 359.37863159179688, 0.0, 15.622944565891075
0.0071603516116738319, -0.017808455973863602, 0, 359.37863159179688, 0.0, 15.622944565891075
0.0070524117909371853, -0.018699983134865761, 27, 358.94012451171875, 0.0, 15.630967205254215
0.0070524117909371853, -0.018699983134865761, 27, 358.94012451171875, 0.0, 15.630967205254215
0.0070524117909371853, -0.018699983134865761, 27, 358.94012451171875, 0.0, 15.630967205254215
0.0070524117909371853, -0.018699983134865761, 27, 358.94012451171875, 0.0, 15.630967205254215
0.0070524117909371853, -0.018699983134865761, 27, 358.94012451171875, 0.0, 15.630967645070754
0.0074497982859611511, -0.018345432355999947, 0, 357.74850463867188, 0.0, 15.625781052804296
