opt_m_x, opt_m_y, opt_qua, yaw, alt, battery_V
0.0086564682424068451, -0.017543874680995941, 0, 0.054552197456359863, 0.0, 15.600664647108403
0.0073604588396847248, -0.018107570707798004, 0, 0.050038225948810577, 0.0, 15.59960001687263
0.0073604588396847248, -0.018107570707798004, 0, 0.050038225948810577, 0.0, 15.59960001687263
0.22878348827362061, -0.19637680053710938, 88, 0.050038225948810577, 0.043999999761581421, 15.59960001687263
0.22878348827362061, -0.19637680053710938, 88, 0.92011076211929321, 0.043999999761581421, 15.59960001687263
0.24109894037246704, 0.015915000811219215, 93, 0.63933646678924561, 0.17999999225139618, 15.597760475000468
0.38626587390899658, 0.085484333336353302, 112, 357.33514404296875, 0.98000001907348633, 15.598954514741276
0.38626587390899658, 0.085484333336353302, 112, 359.49322509765625, 0.98000001907348633, 15.598954514741276
0.11155764758586884, 0.0026677101850509644, 108, 359.21987915039063, 0.96999996900558472, 15.597304369127428
-0.0025025622453540564, 0.40237787365913391, 109, 356.83203125, 0.95999991893768311, 15.597183086310537
0.019109215587377548, 0.30579924583435059, 116, 354.01852416992188, 0.98000001907348633, 15.599910316659233
0.076862677931785583, 0.31532731652259827, 112, 355.19418334960938, 1.0399999618530273, 15.590346654766581
0.076862677931785583, 0.31532731652259827, 112, 359.08584594726563, 1.0399999618530273, 15.590346654766581
-0.0050734453834593296, 0.50342977046966553, 114, 358.68173217773438, 1.0759999752044678, 15.587808457450656
-0.0064727542921900749, 0.075524747371673584, 122, 0.66747242212295532, 1.0559999942779541, 15.595485539137677
0.019453801214694977, 0.67378461360931396, 116, 0.095895908772945404, 1.0499999523162842, 15.594091788243519
-0.091649375855922699, 0.56828540563583374, 108, 359.42913818359375, 1.0559999942779541, 15.595655537709558
-0.091649375855922699, 0.56828540563583374, 108, 359.42913818359375, 1.0559999942779541, 15.595655537709558
0.054357625544071198, 0.63439333438873291, 109, 0.013704816810786724, 1.0699999332427979, 15.598993787462224
-0.0028890520334243774, 0.6341928243637085, 107, 359.8861083984375, 1.0899999141693115, 15.593396737280166
0.04444325715303421, 0.58167612552642822, 115, 1.114993691444397, 1.0899999141693115, 15.598438507162658
0.0058968178927898407, 0.36889415979385376, 111, 357.01409912109375, 1.0800000429153442, 15.597863569158713
0.053874671459197998, 1.0323957204818726, 123, 356.45159912109375, 1.0800000429153442, 15.5979186063486
0.052666306495666504, 0.48937097191810608, 121, 358.229736328125, 1.0699999332427979, 15.595951628634042
-0.058531150221824646, 0.59315747022628784, 125, 353.11862182617188, 1.0460000038146973, 15.599171442023977
0.046032041311264038, 0.65126252174377441, 126, 351.44134521484375, 1.0559999942779541, 15.592303330003574
-0.055190481245517731, -0.016969412565231323, 118, 351.18536376953125, 1.0399999618530273, 15.592182462687187
0.010172194801270962, -0.19322484731674194, 118, 347.88314819335938, 1.0139999389648438, 15.582909942157382
-0.1815229058265686, 0.56172353029251099, 125, 348.13107299804688, 1.0119999647140503, 15.593346429856844
0.025472216308116913, 0.080860704183578491, 128, 349.64913940429688, 1.0099999904632568, 15.572808322325994
-0.070057198405265808, 0.0002201444876845926, 115, 353.61441040039063, 1.0, 15.575685457544317
-0.070057198405265808, 0.0002201444876845926, 115, 353.61441040039063, 1.0, 15.575685457544317
0.18985070288181305, -0.16896834969520569, 120, 44.338977813720703, 1.031999945640564, 15.592847507910129
-0.1101660430431366, 0.30754679441452026, 130, 75.056678771972656, 1.031999945640564, 15.592508969444093
0.02185315266251564, -0.2735368013381958, 117, 113.33325958251953, 1.0299999713897705, 15.597505846433886
-0.13341808319091797, 0.016338258981704712, 110, 149.87136840820313, 0.96999996900558472, 15.599703972734979
-0.15456357598304749, 0.08157368004322052, 112, 172.95974731445313, 0.98000001907348633, 15.60022284855612
-0.15433204174041748, 0.37780985236167908, 115, 180.4599609375, 1.0, 15.59573417398965
-0.062211796641349792, 0.099189020693302155, 123, 177.62959289550781, 1.0099999904632568, 15.599840969244077
0.022906966507434845, 0.16708408296108246, 112, 178.08393859863281, 1.0, 15.600305046464845
0.025758979842066765, 0.43851950764656067, 115, 177.61714172363281, 1.0179998874664307, 15.594183492713004
-0.015853915363550186, -0.029399700462818146, 118, 178.98806762695313, 1.0499999523162842, 15.594110560369593
0.058951534330844879, -0.078357711434364319, 121, 184.55668640136719, 1.0399999618530273, 15.59766680101545
-0.06213824450969696, 0.35893049836158752, 106, 181.97573852539063, 1.0399999618530273, 15.59636079207538
-0.06213824450969696, 0.35893049836158752, 106, 183.56861877441406, 1.0399999618530273, 15.59636079207538
-0.082378566265106201, 0.65635102987289429, 107, 185.01521301269531, 1.0299999713897705, 15.597016940062771
-0.082378566265106201, 0.65635102987289429, 107, 185.01521301269531, 1.0299999713897705, 15.597016940062771
-0.040602456778287888, 0.49288201332092285, 113, 182.46076965332031, 1.093999981880188, 15.593410628811244
0.013881154358386993, 0.565166175365448, 106, 182.32200622558594, 1.0699999332427979, 15.593246842004149
0.097215339541435242, 0.58809828758239746, 106, 179.93321228027344, 1.059999942779541, 15.596129606715582
0.05250067263841629, 0.44014436006546021, 104, 181.599365234375, 1.0699999332427979, 15.596129606715582
-0.057978443801403046, 0.39345481991767883, 113, 182.65327453613281, 1.0499999523162842, 15.591647401887943
0.033368863165378571, 0.47845369577407837, 121, 181.82087707519531, 1.0699999332427979, 15.59178890580217
0.042101863771677017, 0.49217167496681213, 113, 183.49171447753906, 1.0519999265670776, 15.592673808166001
-0.026634955778717995, 0.60649102926254272, 118, 180.1446533203125, 1.0299999713897705, 15.590804749569633
-0.05207616463303566, 0.46729812026023865, 115, 178.80137634277344, 1.0399999618530273, 15.594083314432817
-0.05207616463303566, 0.46729812026023865, 115, 180.55313110351563, 1.0399999618530273, 15.594083314432817
-0.028069701045751572, 0.59470570087432861, 107, 180.7171630859375, 0.98999994993209839, 15.593950736710124
-0.037764556705951691, 0.3991486132144928, 112, 175.10197448730469, 0.98999994993209839, 15.595570906786158
-0.037764556705951691, 0.3991486132144928, 112, 171.2562255859375, 0.98999994993209839, 15.595570906786158
0.11706160753965378, 0.30221658945083618, 107, 154.03117370605469, 0.96399992704391479, 15.600943008935971
0.080905184149742126, 0.53382354974746704, 97, 119.67946624755859, 0.93999993801116943, 15.598340226984737
0.063599742949008942, 0.44617569446563721, 118, 114.16136169433594, 0.90999996662139893, 15.597804601049619
0.11971203982830048, 0.40000602602958679, 128, 106.76357269287109, 0.91999995708465576, 15.599083225499619
0.11971203982830048, 0.40000602602958679, 128, 96.203102111816406, 0.91999995708465576, 15.599083225499619
0.11971203982830048, 0.40000602602958679, 128, 77.915641784667969, 0.91999995708465576, 15.599083225499619
0.11971203982830048, 0.40000602602958679, 128, 52.728977203369141, 0.91999995708465576, 15.599083225499619
-0.45485764741897583, -0.024771591648459435, 103, 6.6487092971801758, 0.12999999523162842, 15.595990704898018
-0.45485764741897583, -0.024771591648459435, 103, 357.32992553710938, 0.12999999523162842, 15.595990704898018
0.4871228039264679, -0.21743327379226685, 41, 355.573974609375, 0.0, 15.595594887729648
0.4871228039264679, -0.21743327379226685, 41, 355.573974609375, 0.0, 15.595594887729648
0.0086957961320877075, -0.018077841028571129, 0, 355.75296020507813, 0.0, 15.589757397335742
0.0082052638754248619, -0.018563417717814445, 0, 354.8443603515625, 0.0, 15.586654902966185
0.0082052638754248619, -0.018563417717814445, 0, 354.8443603515625, 0.0, 15.586654902966185
0.0078890882432460785, -0.018230324611067772, 0, 353.67181396484375, 0.0, 15.586876508447094
0.0080977464094758034, -0.018326088786125183, 0, 353.37466430664063, 0.0, 15.590526369647757
0.0075787561945617199, -0.018221793696284294, 0, 352.80569458007813, 0.0, 15.584716286335961
0.0083266589790582657, -0.018305765464901924, 0, 351.9803466796875, 0.0, 15.590830236353412
0.0084106307476758957, -0.018060384318232536, 0, 351.442138671875, 0.0, 15.586498606390442
0.0086490195244550705, -0.018241658806800842, 0, 350.90579223632813, 0.0, 15.58709962835707
