opt_m_x, opt_m_y, opt_qua, yaw, alt, battery_V
0.0080356663092970848, -0.019182795658707619, 0, 118.18959045410156, 0.0, 15.600358854408064
0.0080083506181836128, -0.01894192211329937, 0, 118.18959045410156, 0.0, 15.59781577753386
0.0082492232322692871, -0.019135614857077599, 0, 118.18959045410156, 0.0, 15.597089931360628
0.10499396920204163, -0.04700995609164238, 0, 118.18959045410156, 0.0, 15.599854423687066
-0.96996784210205078, -0.72104793787002563, 92, 118.18959045410156, 0.14000000059604645, 15.602313119160762
-0.10492402315139771, -0.31217232346534729, 105, 118.18959045410156, 0.27000001072883606, 15.598188336420151
-0.10492402315139771, -0.31217232346534729, 105, 118.18959045410156, 0.27000001072883606, 15.598188336420151
-0.5402071475982666, -0.20665240287780762, 121, 118.18959045410156, 1.1399999856948853, 15.57990854391093
-0.0054821819067001343, -0.096444323658943176, 112, 118.18959045410156, 1.1599999666213989, 15.587945590783768
-0.070934779942035675, 0.07584264874458313, 111, 118.18959045410156, 1.1599999666213989, 15.572367818795108
-0.16418294608592987, 0.073773078620433807, 115, 118.18959045410156, 1.1399999856948853, 15.579421155474886
-0.070324204862117767, 0.004665665328502655, 122, 118.18959045410156, 1.1619999408721924, 15.588053157716484
-0.41193902492523193, -0.10684217512607574, 123, 358.369873046875, 1.1679999828338623, 15.589632359213601
-0.53161841630935669, 0.040597185492515564, 125, 359.81134033203125, 1.1299999952316284, 15.589379880131641
-0.0029314234852790833, -0.14403390884399414, 121, 2.9561731815338135, 1.1699999570846558, 15.592428392724129
-0.34521672129631042, -0.12098398804664612, 121, 2.5934178829193115, 1.1619999408721924, 15.593857500346344
-0.3564445972442627, -0.065299414098262787, 130, 4.0954337120056152, 1.1139999628067017, 15.596314964977587
-0.24170398712158203, -0.017107859253883362, 123, 6.1386480331420898, 1.1499999761581421, 15.596589443797042
-0.24170398712158203, -0.017107859253883362, 123, 5.0288496017456055, 1.1499999761581421, 15.596589443797042
-0.64703500270843506, -0.0060156458057463169, 115, 2.5090961456298828, 1.0880000591278076, 15.593554131047576
-0.34429880976676941, -0.27833446860313416, 115, 4.296515941619873, 1.121999979019165, 15.589732943295726
-0.34429880976676941, -0.27833446860313416, 115, 1.3564406633377075, 1.121999979019165, 15.589732943295726
-0.74995172023773193, -0.045081540942192078, 119, 2.0844411849975586, 1.0800000429153442, 15.58238460239814
-0.16073821485042572, -0.13644981384277344, 128, 4.0261869430541992, 1.121999979019165, 15.585031225869564
-0.64789009094238281, -0.077826112508773804, 119, 1.9510414600372314, 1.1200000047683716, 15.589419200057243
-0.58907294273376465, -0.027971699833869934, 127, 3.6007874011993408, 1.1000000238418579, 15.572051984376444
-0.4161846935749054, -0.16021420061588287, 129, 2.1487865447998047, 1.1200000047683716, 15.584431654893645
-0.27649703621864319, -0.053739834576845169, 115, 355.27032470703125, 1.1159999370574951, 15.583459457373952
-0.50046992301940918, -0.028287304565310478, 124, 352.16412353515625, 1.0800000429153442, 15.585276138874717
-0.57432031631469727, -0.098618566989898682, 120, 347.35476684570313, 1.0820000171661377, 15.58676614782445
-0.57432031631469727, -0.098618566989898682, 120, 347.35476684570313, 1.0820000171661377, 15.58676614782445
-0.57432031631469727, -0.098618566989898682, 120, 343.235595703125, 1.0820000171661377, 15.58676614782445
-0.57432031631469727, -0.098618566989898682, 120, 341.15069580078125, 1.0820000171661377, 15.58676614782445
-0.20870022475719452, -0.13179534673690796, 119, 340.1595458984375, 1.0920000076293945, 15.590060153265577
-0.26457357406616211, -0.037272147834300995, 124, 341.46096801757813, 1.0800000429153442, 15.593236556626671
-0.4567863941192627, -0.1005832627415657, 119, 339.55380249023438, 1.0659999847412109, 15.586742398593888
-0.38013258576393127, 0.11622503399848938, 119, 338.97036743164063, 1.0579999685287476, 15.592045903756475
-0.97957432270050049, -0.058676760643720627, 103, 342.69259643554688, 1.1000000238418579, 15.596428006998355
-0.97957432270050049, -0.058676760643720627, 103, 342.49807739257813, 1.1000000238418579, 15.596428006998355
-0.46533888578414917, 0.03242294117808342, 97, 351.76651000976563, 1.059999942779541, 15.596257269006237
-0.3983914852142334, 0.045400775969028473, 97, 353.79046630859375, 1.0699999332427979, 15.599354826254579
-0.45579606294631958, 0.072508439421653748, 106, 358.92617797851563, 1.059999942779541, 15.597213360617832
-0.34225529432296753, -0.024808857589960098, 115, 9.6466493606567383, 1.0679999589920044, 15.593128481143003
-0.18509788811206818, -0.074182629585266113, 114, 17.126300811767578, 1.0699999332427979, 15.595477553432241
-0.29222619533538818, 0.10149994492530823, 122, 19.206771850585938, 1.1000000238418579, 15.595286996837949
-0.12873771786689758, 0.12980233132839203, 106, 15.28863525390625, 1.1099998950958252, 15.59597266288875
-0.33981716632843018, 0.0048627667129039764, 129, 6.8497428894042969, 1.062000036239624, 15.596384062535579
-0.33981716632843018, 0.0048627667129039764, 129, 351.52984619140625, 1.062000036239624, 15.596384062535579
-0.33585035800933838, 0.010053873062133789, 118, 341.11508178710938, 1.0719999074935913, 15.592230902267922
-0.15185096859931946, 0.16103026270866394, 102, 319.64093017578125, 1.1099998950958252, 15.588139005984463
-0.52365291118621826, 0.30265533924102783, 97, 301.79812622070313, 1.1099998950958252, 15.593283868230079
0.80061578750610352, 0.076759323477745056, 103, 292.93994140625, 1.0699999332427979, 15.59357078565839
-1.5825459957122803, 0.20019656419754028, 93, 277.23919677734375, 1.059999942779541, 15.585342935997046
-1.2561668157577515, 0.0017193257808685303, 94, 270.5186767578125, 1.0699999332427979, 15.590006226147123
-1.0477688312530518, 9.8019838333129883e-05, 78, 267.5576171875, 1.1599999666213989, 15.579682984143057
-1.0965347290039063, -0.081728100776672363, 59, 267.5084228515625, 1.1699999570846558, 15.571810254679249
-0.85365766286849976, -0.2541084885597229, 63, 267.89093017578125, 1.1719999313354492, 15.567086616813265
-0.25384047627449036, -0.10408741980791092, 59, 264.81643676757813, 1.187999963760376, 15.580652434225433
-0.80045419931411743, -0.00056120543740689754, 39, 266.81375122070313, 1.1800000667572021, 15.586791924966365
-1.1256219148635864, -0.20588527619838715, 32, 264.8995361328125, 1.1840000152587891, 15.590475619557301
-0.24284285306930542, 0.095427267253398895, 38, 264.24710083007813, 1.187999963760376, 15.59388583641757
-0.15673965215682983, -0.011926591396331787, 37, 265.86724853515625, 1.2000000476837158, 15.59388583641757
0.31722509860992432, -0.027394769713282585, 0, 263.7078857421875, 1.1699999570846558, 15.591531966549473
-0.099789857864379883, -0.049863740801811218, 0, 263.75665283203125, 1.1499999761581421, 15.591719644596335
0.15627162158489227, -0.23333816230297089, 32, 264.60528564453125, 1.1800000667572021, 15.593032251446809
0.087361782789230347, 0.046739287674427032, 27, 262.68682861328125, 1.1699999570846558, 15.591819815558585
-0.028288725763559341, -0.075303345918655396, 27, 266.0828857421875, 1.1540000438690186, 15.589892353978863
-0.64049166440963745, -0.22560228407382965, 27, 265.8760986328125, 1.1599999666213989, 15.570335876710896
-0.64049166440963745, -0.22560228407382965, 27, 262.91061401367188, 1.1599999666213989, 15.570335876710896
0.045344486832618713, -0.14128808677196503, 0, 263.53839111328125, 1.1759998798370361, 15.579801990199757
-0.42391124367713928, -0.069522425532341003, 0, 261.45404052734375, 1.1719999313354492, 15.583081658483
-0.42391124367713928, -0.069522425532341003, 0, 260.34249877929688, 1.1719999313354492, 15.583081658483
-0.42391124367713928, -0.069522425532341003, 0, 260.34249877929688, 1.1719999313354492, 15.583081658483
-0.42391124367713928, -0.069522425532341003, 0, 259.73965454101563, 1.1719999313354492, 15.583081658483
0.3751542866230011, 0.054150547832250595, 26, 260.98583984375, 1.1499999761581421, 15.590310140334491
-0.026461482048034668, 0.038095511496067047, 0, 259.03170776367188, 1.1959999799728394, 15.59378654887994
-0.026461482048034668, 0.038095511496067047, 0, 259.03170776367188, 1.1959999799728394, 15.59378654887994
-0.026461482048034668, 0.038095511496067047, 0, 259.03170776367188, 1.1959999799728394, 15.59378654887994
-0.03936135396361351, 0.022711435332894325, 0, 257.16317749023438, 1.1519999504089355, 15.592272394036449
-0.03936135396361351, 0.022711435332894325, 0, 252.89242553710938, 1.1519999504089355, 15.592272394036449
0.24031364917755127, -0.078519813716411591, 0, 254.29266357421875, 1.1800000667572021, 15.579363900915439
0.24031364917755127, -0.078519813716411591, 0, 250.54403686523438, 1.1800000667572021, 15.579363900915439
0.020280281081795692, -0.0058839074335992336, 0, 252.45233154296875, 1.1399999856948853, 15.579363900915439
0.020280281081795692, -0.0058839074335992336, 0, 252.8060302734375, 1.1399999856948853, 15.590018805009251
0.020280281081795692, -0.0058839074335992336, 0, 251.33486938476563, 1.1399999856948853, 15.590018805009251
0.020280281081795692, -0.0058839074335992336, 0, 250.95343017578125, 1.1399999856948853, 15.590018805009251
0.020280281081795692, -0.0058839074335992336, 0, 251.37701416015625, 1.1399999856948853, 15.590018805009251
0.1250469833612442, -0.048047620803117752, 0, 249.68478393554688, 1.1499999761581421, 15.590018805009251
0.1250469833612442, -0.048047620803117752, 0, 249.68478393554688, 1.1499999761581421, 15.590018805009251
0.1250469833612442, -0.048047620803117752, 0, 249.68478393554688, 1.1499999761581421, 15.590018805009251
0.1250469833612442, -0.048047620803117752, 0, 252.0654296875, 1.1499999761581421, 15.590018805009251
0.1250469833612442, -0.048047620803117752, 0, 252.0654296875, 1.1499999761581421, 15.590018805009251
0.1250469833612442, -0.048047620803117752, 0, 252.28399658203125, 1.1499999761581421, 15.590018805009251
0.1250469833612442, -0.048047620803117752, 0, 252.28399658203125, 1.1499999761581421, 15.590018805009251
0.1250469833612442, -0.048047620803117752, 0, 252.28399658203125, 1.1499999761581421, 15.590018805009251
0.1250469833612442, -0.048047620803117752, 0, 251.0970458984375, 1.1499999761581421, 15.590018805009251
0.051576264202594757, 0.38398680090904236, 34, 250.99375915527344, 1.0719999074935913, 15.587611747588442
0.051576264202594757, 0.38398680090904236, 34, 251.97103881835938, 1.0719999074935913, 15.587611747588442
0.051576264202594757, 0.38398680090904236, 34, 251.97103881835938, 1.0719999074935913, 15.587611747588442
-0.91854864358901978, 0.048918940126895905, 39, 250.42738342285156, 1.0499999523162842, 15.591367513156055
-0.91854864358901978, 0.048918940126895905, 39, 250.42738342285156, 1.0499999523162842, 15.591367513156055
-0.91854864358901978, 0.048918940126895905, 39, 251.13339233398438, 1.0499999523162842, 15.591367513156055
-0.91854864358901978, 0.048918940126895905, 39, 251.13339233398438, 1.0499999523162842, 15.591367513156055
-0.10316557437181473, -0.11310257017612457, 45, 251.269287109375, 1.1139999628067017, 15.587620972496758
-0.10316557437181473, -0.11310257017612457, 45, 250.07415771484375, 1.1139999628067017, 15.587620972496758
-0.10316557437181473, -0.11310257017612457, 45, 253.13848876953125, 1.1139999628067017, 15.587620972496758
-0.10316557437181473, -0.11310257017612457, 45, 252.83023071289063, 1.1139999628067017, 15.587620972496758
-0.10316557437181473, -0.11310257017612457, 45, 251.0927734375, 1.1139999628067017, 15.587620972496758
-0.10316557437181473, -0.11310257017612457, 45, 252.50238037109375, 1.1139999628067017, 15.587620972496758
-0.10316557437181473, -0.11310257017612457, 45, 251.55662536621094, 1.1139999628067017, 15.587620972496758
0.51805281639099121, 0.025097796693444252, 52, 248.84109497070313, 1.0920000076293945, 15.57017304778536