opt_m_x, opt_m_y, opt_qua, yaw, alt, battery_V
-0.035133376717567444, -0.017370663583278656, 34, 250.34307861328125, 0.0, 15.63444321832986
-0.035133376717567444, -0.017370663583278656, 34, 250.34307861328125, 0.0, 15.63444321832986
-0.035133376717567444, -0.017370663583278656, 34, 250.34307861328125, 0.0, 15.63444321832986
0.0078285792842507362, 0.023702794685959816, 33, 250.21182250976563, 0.0, 15.639866397021438
0.0078285792842507362, 0.023702794685959816, 33, 250.21182250976563, 0.0, 15.639866397021438
0.0078285792842507362, 0.023702794685959816, 33, 250.09735107421875, 0.0, 15.639866397021438
-0.030729349702596664, 0.025105172768235207, 29, 249.96148681640625, 0.0, 15.640720304329921
-0.030729349702596664, 0.025105172768235207, 29, 249.96148681640625, 0.0, 15.640720304329921
-0.030729349702596664, 0.025105172768235207, 29, 249.96148681640625, 0.0, 15.640720304329921
-0.030729349702596664, 0.025105172768235207, 29, 249.96148681640625, 0.0, 15.640720304329921
-0.030729349702596664, 0.025105172768235207, 29, 249.83642578125, 0.0, 15.640720304329921
-0.030729349702596664, 0.025105172768235207, 29, 249.83642578125, 0.0, 15.640720304329921
0.091245956718921661, -0.018600968644022942, 35, 249.30870056152344, 0.0, 15.639232648705566
0.091245956718921661, -0.018600968644022942, 35, 249.30870056152344, 0.0, 15.639232648705566
0.091245956718921661, -0.018600968644022942, 35, 249.13594055175781, 0.0, 15.639232648705566
0.091245956718921661, -0.018600968644022942, 35, 249.13594055175781, 0.0, 15.639232648705566
0.0067337597720324993, -0.017394110560417175, 27, 248.96717834472656, 0.0, 15.613940054931895
0.0067337597720324993, -0.017394110560417175, 27, 248.96717834472656, 0.0, 15.613940054931895
0.0067337597720324993, -0.017394110560417175, 27, 248.96717834472656, 0.0, 15.613940054931895
0.0067337597720324993, -0.017394110560417175, 27, 250.150390625, 0.0, 15.613940054931895
-2.3525397777557373, 0.25011330842971802, 86, 253.2418212890625, 0.035999998450279236, 15.621164498398457
-2.3525397777557373, 0.25011330842971802, 86, 253.2418212890625, 0.035999998450279236, 15.621164498398457
-2.3525397777557373, 0.25011330842971802, 86, 253.2418212890625, 0.035999998450279236, 15.621164498398457
-2.3525397777557373, 0.25011330842971802, 86, 253.2418212890625, 0.035999998450279236, 15.621164498398457
-1.0982798337936401, 0.31133738160133362, 101, 255.26173400878906, 0.2800000011920929, 15.628699164698322
-1.0982798337936401, 0.31133738160133362, 101, 255.26173400878906, 0.2800000011920929, 15.628699164698322
-1.0982798337936401, 0.31133738160133362, 101, 255.26173400878906, 0.2800000011920929, 15.628699164698322
-1.0982798337936401, 0.31133738160133362, 101, 255.26173400878906, 0.2800000011920929, 15.628699164698322
-0.056143127381801605, -0.053240671753883362, 99, 255.38188171386719, 0.44999998807907104, 15.631619964634041
-0.056143127381801605, -0.053240671753883362, 99, 255.38188171386719, 0.44999998807907104, 15.631619964634041
-0.056143127381801605, -0.053240671753883362, 99, 255.38188171386719, 0.44999998807907104, 15.631619964634041
-0.056143127381801605, -0.053240671753883362, 99, 251.60783386230469, 0.44999998807907104, 15.631619964634041
-0.26730257272720337, -0.0044632405042648315, 100, 251.60783386230469, 0.49000000953674316, 15.631619964634041
-0.26730257272720337, -0.0044632405042648315, 100, 251.60783386230469, 0.49000000953674316, 15.631619964634041
-0.26730257272720337, -0.0044632405042648315, 100, 251.60783386230469, 0.49000000953674316, 15.631619964634041
-0.26730257272720337, -0.0044632405042648315, 100, 251.60783386230469, 0.49000000953674316, 15.631619964634041
-0.26730257272720337, -0.0044632405042648315, 100, 251.60783386230469, 0.49000000953674316, 15.631619964634041
-0.26730257272720337, -0.0044632405042648315, 100, 244.46682739257813, 0.49000000953674316, 15.631619964634041
-0.26730257272720337, -0.0044632405042648315, 100, 244.46682739257813, 0.49000000953674316, 15.631619964634041
0.12484955042600632, 0.11621053516864777, 129, 242.25994873046875, 1.2099999189376831, 15.638572444742595
0.12484955042600632, 0.11621053516864777, 129, 242.25994873046875, 1.2099999189376831, 15.638572444742595
0.12484955042600632, 0.11621053516864777, 129, 242.25994873046875, 1.2099999189376831, 15.638572444742595
0.00072901661042124033, 0.20264863967895508, 129, 243.62722778320313, 1.2000000476837158, 15.637943932901962
0.00072901661042124033, 0.20264863967895508, 129, 243.62722778320313, 1.2000000476837158, 15.637943932901962
0.00072901661042124033, 0.20264863967895508, 129, 243.62722778320313, 1.2000000476837158, 15.637943932901962
0.00072901661042124033, 0.20264863967895508, 129, 243.62722778320313, 1.2000000476837158, 15.637943932901962
0.00072901661042124033, 0.20264863967895508, 129, 243.62722778320313, 1.2000000476837158, 15.637943932901962
-0.069842450320720673, 0.33587232232093811, 131, 243.12960815429688, 1.1940000057220459, 15.637566825782596
-0.069842450320720673, 0.33587232232093811, 131, 243.12960815429688, 1.1940000057220459, 15.637566825782596
-0.069842450320720673, 0.33587232232093811, 131, 243.12960815429688, 1.1940000057220459, 15.637566825782596
-0.069842450320720673, 0.33587232232093811, 131, 243.12960815429688, 1.1940000057220459, 15.637566825782596
-0.0073783504776656628, 0.35278987884521484, 122, 242.54106140136719, 1.1899999380111694, 15.637340561501986
-0.0073783504776656628, 0.35278987884521484, 122, 242.54106140136719, 1.1899999380111694, 15.637340561501986
-0.0073783504776656628, 0.35278987884521484, 122, 242.54106140136719, 1.1899999380111694, 15.637340561501986
-0.0073783504776656628, 0.35278987884521484, 122, 242.78558349609375, 1.1899999380111694, 15.637340561501986
-0.0073783504776656628, 0.35278987884521484, 122, 242.78558349609375, 1.1899999380111694, 15.637340561501986
-0.00046007049968466163, 0.51813095808029175, 119, 242.95140075683594, 1.1740000247955322, 15.63880480295207
-0.00046007049968466163, 0.51813095808029175, 119, 242.95140075683594, 1.1740000247955322, 15.63880480295207
-0.00046007049968466163, 0.51813095808029175, 119, 242.95140075683594, 1.1740000247955322, 15.63880480295207
-0.00046007049968466163, 0.51813095808029175, 119, 242.95140075683594, 1.1740000247955322, 15.63880480295207
-0.026566937565803528, 0.33336943387985229, 119, 242.27243041992188, 1.1599999666213989, 15.637283347821267
-0.026566937565803528, 0.33336943387985229, 119, 242.27243041992188, 1.1599999666213989, 15.637283347821267
-0.026566937565803528, 0.33336943387985229, 119, 242.27243041992188, 1.1599999666213989, 15.637283347821267
-0.026566937565803528, 0.33336943387985229, 119, 242.27243041992188, 1.1599999666213989, 15.637283347821267
-0.026566937565803528, 0.33336943387985229, 119, 242.27243041992188, 1.1599999666213989, 15.637283347821267
-0.042749263346195221, 0.28341558575630188, 117, 237.80950927734375, 1.1399999856948853, 15.642770474801877
-0.042749263346195221, 0.28341558575630188, 117, 237.80950927734375, 1.1399999856948853, 15.642770474801877
-0.042749263346195221, 0.28341558575630188, 117, 237.80950927734375, 1.1399999856948853, 15.642770474801877
-0.042749263346195221, 0.28341558575630188, 117, 231.63624572753906, 1.1399999856948853, 15.642770474801877
0.028113067150115967, 0.19221830368041992, 117, 218.98800659179688, 1.1200000047683716, 15.642062751061463
0.028113067150115967, 0.19221830368041992, 117, 218.98800659179688, 1.1200000047683716, 15.642062751061463
0.028113067150115967, 0.19221830368041992, 117, 205.20777893066406, 1.1200000047683716, 15.642062751061463
0.028113067150115967, 0.19221830368041992, 117, 205.20777893066406, 1.1200000047683716, 15.642062751061463
0.028113067150115967, 0.19221830368041992, 117, 205.20777893066406, 1.1200000047683716, 15.642062751061463
0.38426512479782104, 0.14536358416080475, 113, 189.22213745117188, 1.1299999952316284, 15.64163811680034
0.38426512479782104, 0.14536358416080475, 113, 189.22213745117188, 1.1299999952316284, 15.64163811680034
0.38426512479782104, 0.14536358416080475, 113, 189.22213745117188, 1.1299999952316284, 15.64163811680034
0.38426512479782104, 0.14536358416080475, 113, 189.22213745117188, 1.1299999952316284, 15.64163811680034
0.15404608845710754, 0.28807517886161804, 114, 161.09642028808594, 1.1200000047683716, 15.6397833362097
0.15404608845710754, 0.28807517886161804, 114, 161.09642028808594, 1.1200000047683716, 15.6397833362097
0.15404608845710754, 0.28807517886161804, 114, 153.59922790527344, 1.1200000047683716, 15.6397833362097
0.15404608845710754, 0.28807517886161804, 114, 153.59922790527344, 1.1200000047683716, 15.6397833362097
-0.002829310717061162, 0.55100619792938232, 117, 151.03475952148438, 1.1200000047683716, 15.639470467823017
-0.002829310717061162, 0.55100619792938232, 117, 151.03475952148438, 1.1200000047683716, 15.639470467823017
-0.002829310717061162, 0.55100619792938232, 117, 151.03475952148438, 1.1200000047683716, 15.639470467823017
-0.002829310717061162, 0.55100619792938232, 117, 150.78265380859375, 1.1200000047683716, 15.639470467823017
-0.002829310717061162, 0.55100619792938232, 117, 150.78265380859375, 1.1200000047683716, 15.639470467823017
-0.002829310717061162, 0.55100619792938232, 117, 150.78265380859375, 1.1200000047683716, 15.639470467823017
-0.002829310717061162, 0.55100619792938232, 117, 150.78265380859375, 1.1200000047683716, 15.639470467823017
0.042396552860736847, 0.32432669401168823, 113, 153.49507141113281, 1.128000020980835, 15.633282746694141
0.042396552860736847, 0.32432669401168823, 113, 153.49507141113281, 1.128000020980835, 15.633282746694141
0.042396552860736847, 0.32432669401168823, 113, 153.49507141113281, 1.128000020980835, 15.633282746694141
0.0053560081869363785, -0.038038235157728195, 120, 153.99081420898438, 1.125999927520752, 15.635570113958693
0.0053560081869363785, -0.038038235157728195, 120, 153.99081420898438, 1.125999927520752, 15.635570113958693
0.0053560081869363785, -0.038038235157728195, 120, 152.90187072753906, 1.125999927520752, 15.635570113958693
0.0053560081869363785, -0.038038235157728195, 120, 152.90187072753906, 1.125999927520752, 15.635570113958693
0.0091349827125668526, 0.25843790173530579, 116, 151.50599670410156, 1.1299999952316284, 15.639342534407724
0.0091349827125668526, 0.25843790173530579, 116, 151.50599670410156, 1.1299999952316284, 15.639342534407724
0.0091349827125668526, 0.25843790173530579, 116, 151.50599670410156, 1.1299999952316284, 15.639342534407724
0.0091349827125668526, 0.25843790173530579, 116, 151.50599670410156, 1.1299999952316284, 15.639342534407724
-0.31829047203063965, -0.019794389605522156, 130, 151.02754211425781, 1.093999981880188, 15.642005986773043
-0.31829047203063965, -0.019794389605522156, 130, 151.02754211425781, 1.093999981880188, 15.642005986773043
-0.31829047203063965, -0.019794389605522156, 130, 151.76304626464844, 1.093999981880188, 15.642005986773043
-0.31829047203063965, -0.019794389605522156, 130, 151.76304626464844, 1.093999981880188, 15.642005986773043
-0.31829047203063965, -0.019794389605522156, 130, 151.76304626464844, 1.093999981880188, 15.642005986773043
-0.31829047203063965, -0.019794389605522156, 130, 151.76304626464844, 1.093999981880188, 15.642005986773043
0.032752729952335358, -0.03772982582449913, 119, 151.92494201660156, 1.1200000047683716, 15.638804058184212
0.032752729952335358, -0.03772982582449913, 119, 151.92494201660156, 1.1200000047683716, 15.638804058184212
0.032752729952335358, -0.03772982582449913, 119, 151.92494201660156, 1.1200000047683716, 15.638804058184212
0.032752729952335358, -0.03772982582449913, 119, 151.92494201660156, 1.1200000047683716, 15.638804058184212
0.0057046711444854736, 0.25044044852256775, 130, 150.81828308105469, 1.1000000238418579, 15.639282900990334
0.0057046711444854736, 0.25044044852256775, 130, 149.33988952636719, 1.1000000238418579, 15.639282900990334
0.0057046711444854736, 0.25044044852256775, 130, 149.33988952636719, 1.1000000238418579, 15.639282900990334
0.0057046711444854736, 0.25044044852256775, 130, 149.33988952636719, 1.1000000238418579, 15.639282900990334
0.034541476517915726, 0.29918187856674194, 115, 147.497314453125, 1.0899999141693115, 15.640770206703309
0.034541476517915726, 0.29918187856674194, 115, 147.497314453125, 1.0899999141693115, 15.640770206703309
0.034541476517915726, 0.29918187856674194, 115, 147.497314453125, 1.0899999141693115, 15.640770206703309
0.034541476517915726, 0.29918187856674194, 115, 147.497314453125, 1.0899999141693115, 15.640770206703309
0.067399002611637115, -0.043924141675233841, 122, 145.12702941894531, 1.0899999141693115, 15.642062590172511
0.067399002611637115, -0.043924141675233841, 122, 145.12702941894531, 1.0899999141693115, 15.642062590172511
0.067399002611637115, -0.043924141675233841, 122, 144.2509765625, 1.0899999141693115, 15.642062590172511
0.067399002611637115, -0.043924141675233841, 122, 144.2509765625, 1.0899999141693115, 15.642062590172511
0.37902078032493591, -0.24110068380832672, 137, 143.73686218261719, 1.0699999332427979, 15.6392380202312
0.37902078032493591, -0.24110068380832672, 137, 143.73686218261719, 1.0699999332427979, 15.6392380202312
0.37902078032493591, -0.24110068380832672, 137, 143.73686218261719, 1.0699999332427979, 15.6392380202312
0.37902078032493591, -0.24110068380832672, 137, 143.73686218261719, 1.0699999332427979, 15.6392380202312
0.37902078032493591, -0.24110068380832672, 137, 143.73686218261719, 1.0699999332427979, 15.6392380202312
0.37902078032493591, -0.24110068380832672, 137, 143.73686218261719, 1.0699999332427979, 15.6392380202312
0.12089882045984268, 0.065543398261070251, 132, 143.20674133300781, 1.0800000429153442, 15.620343277942773
0.12089882045984268, 0.065543398261070251, 132, 143.20674133300781, 1.0800000429153442, 15.620343277942773
0.12089882045984268, 0.065543398261070251, 132, 143.20674133300781, 1.0800000429153442, 15.620343277942773
0.12089882045984268, 0.065543398261070251, 132, 143.20674133300781, 1.0800000429153442, 15.620343277942773
-0.027103707194328308, 0.34078675508499146, 133, 144.49995422363281, 1.0420000553131104, 15.630206432435134
-0.027103707194328308, 0.34078675508499146, 133, 144.49995422363281, 1.0420000553131104, 15.630206432435134
-0.027103707194328308, 0.34078675508499146, 133, 144.49995422363281, 1.0420000553131104, 15.630206432435134
-0.027103707194328308, 0.34078675508499146, 133, 144.49995422363281, 1.0420000553131104, 15.630206432435134
-0.027103707194328308, 0.34078675508499146, 133, 144.49995422363281, 1.0420000553131104, 15.630206432435134
0.038158103823661804, 0.099215283989906311, 139, 145.52745056152344, 1.0699999332427979, 15.634924325347828
0.038158103823661804, 0.099215283989906311, 139, 146.72671508789063, 1.0699999332427979, 15.634924325347828
0.038158103823661804, 0.099215283989906311, 139, 146.72671508789063, 1.0699999332427979, 15.634924325347828
0.25671720504760742, -0.018553508445620537, 138, 147.64967346191406, 1.0639998912811279, 15.633355061142362
0.25671720504760742, -0.018553508445620537, 138, 147.64967346191406, 1.0639998912811279, 15.633355061142362
0.25671720504760742, -0.018553508445620537, 138, 147.64967346191406, 1.0639998912811279, 15.633355061142362
0.25671720504760742, -0.018553508445620537, 138, 149.8701171875, 1.0639998912811279, 15.633355061142362
0.25671720504760742, -0.018553508445620537, 138, 149.8701171875, 1.0639998912811279, 15.633355061142362
0.25671720504760742, -0.018553508445620537, 138, 149.8701171875, 1.0639998912811279, 15.633355061142362
0.3252902626991272, -0.011693000793457031, 129, 149.41488647460938, 1.0499999523162842, 15.640013502694917
0.3252902626991272, -0.011693000793457031, 129, 149.41488647460938, 1.0499999523162842, 15.640013502694917
0.3252902626991272, -0.011693000793457031, 129, 149.41488647460938, 1.0499999523162842, 15.640013502694917
0.03698652982711792, 0.038577251136302948, 119, 141.22833251953125, 1.059999942779541, 15.642408567761358
0.03698652982711792, 0.038577251136302948, 119, 141.22833251953125, 1.059999942779541, 15.642408567761358
0.03698652982711792, 0.038577251136302948, 119, 141.22833251953125, 1.059999942779541, 15.642408567761358
0.03698652982711792, 0.038577251136302948, 119, 141.22833251953125, 1.059999942779541, 15.642408567761358
-0.027293000370264053, 0.2616649866104126, 132, 139.71595764160156, 1.034000039100647, 15.627045606607986
-0.027293000370264053, 0.2616649866104126, 132, 139.71595764160156, 1.034000039100647, 15.627045606607986
-0.027293000370264053, 0.2616649866104126, 132, 137.58992004394531, 1.034000039100647, 15.627045606607986
-0.027293000370264053, 0.2616649866104126, 132, 137.58992004394531, 1.034000039100647, 15.627045606607986
-0.027293000370264053, 0.2616649866104126, 132, 137.58992004394531, 1.034000039100647, 15.627045606607986
-0.027293000370264053, 0.2616649866104126, 132, 137.58992004394531, 1.034000039100647, 15.627045606607986
-0.027293000370264053, 0.2616649866104126, 132, 137.58992004394531, 1.034000039100647, 15.627045606607986
0.12622533738613129, 0.10171612352132797, 118, 122.44157409667969, 1.059999942779541, 15.633027829776179
0.12622533738613129, 0.10171612352132797, 118, 122.44157409667969, 1.059999942779541, 15.633027829776179
0.12622533738613129, 0.10171612352132797, 118, 122.44157409667969, 1.059999942779541, 15.633027829776179
0.12622533738613129, 0.10171612352132797, 118, 122.44157409667969, 1.059999942779541, 15.633027829776179
0.18306580185890198, -0.16036920249462128, 125, 96.738609313964844, 1.0499999523162842, 15.641417163891246
0.18306580185890198, -0.16036920249462128, 125, 96.738609313964844, 1.0499999523162842, 15.641417163891246
0.18306580185890198, -0.16036920249462128, 125, 96.738609313964844, 1.0499999523162842, 15.641417163891246
0.074431300163269043, -0.26408591866493225, 123, 88.103111267089844, 1.0299999713897705, 15.635250764393412
0.074431300163269043, -0.26408591866493225, 123, 88.103111267089844, 1.0299999713897705, 15.635250764393412
0.074431300163269043, -0.26408591866493225, 123, 78.654228210449219, 1.0299999713897705, 15.635250764393412
0.074431300163269043, -0.26408591866493225, 123, 78.654228210449219, 1.0299999713897705, 15.635250764393412
0.11179928481578827, 0.13412104547023773, 116, 69.249313354492188, 1.0399999618530273, 15.63715092463114
0.11179928481578827, 0.13412104547023773, 116, 69.249313354492188, 1.0399999618530273, 15.63715092463114
0.11179928481578827, 0.13412104547023773, 116, 62.803802490234375, 1.0399999618530273, 15.63715092463114
0.11179928481578827, 0.13412104547023773, 116, 62.803802490234375, 1.0399999618530273, 15.63715092463114
0.11179928481578827, 0.13412104547023773, 116, 62.803802490234375, 1.0399999618530273, 15.63715092463114
0.54594850540161133, 0.048752114176750183, 114, 55.713737487792969, 1.0299999713897705, 15.633091020741594
0.54594850540161133, 0.048752114176750183, 114, 55.713737487792969, 1.0299999713897705, 15.633091020741594
0.54594850540161133, 0.048752114176750183, 114, 50.271522521972656, 1.0299999713897705, 15.633091020741594
0.54594850540161133, 0.048752114176750183, 114, 50.271522521972656, 1.0299999713897705, 15.633091020741594
0.09486805647611618, 0.16864728927612305, 118, 44.547935485839844, 1.0679999589920044, 15.640255078454119
0.09486805647611618, 0.16864728927612305, 118, 44.547935485839844, 1.0679999589920044, 15.640255078454119
0.09486805647611618, 0.16864728927612305, 118, 44.547935485839844, 1.0679999589920044, 15.640255078454119
0.09486805647611618, 0.16864728927612305, 118, 44.547935485839844, 1.0679999589920044, 15.640255078454119
0.09486805647611618, 0.16864728927612305, 118, 44.547935485839844, 1.0679999589920044, 15.640255078454119
0.20410431921482086, 0.23534287512302399, 116, 25.854709625244141, 1.0499999523162842, 15.632553513073626
0.20410431921482086, 0.23534287512302399, 116, 25.854709625244141, 1.0499999523162842, 15.632553513073626
0.20410431921482086, 0.23534287512302399, 116, 25.854709625244141, 1.0499999523162842, 15.632553513073626
0.20410431921482086, 0.23534287512302399, 116, 13.706542015075684, 1.0499999523162842, 15.632553513073626
0.20410431921482086, 0.23534287512302399, 116, 13.706542015075684, 1.0499999523162842, 15.632553513073626
0.23767839372158051, 0.15122222900390625, 110, 2.9767978191375732, 1.059999942779541, 15.636732573792841
0.23767839372158051, 0.15122222900390625, 110, 352.73922729492188, 1.059999942779541, 15.636732573792841
0.23767839372158051, 0.15122222900390625, 110, 352.73922729492188, 1.059999942779541, 15.636732573792841
0.23767839372158051, 0.15122222900390625, 110, 352.73922729492188, 1.059999942779541, 15.636732573792841
0.23767839372158051, 0.15122222900390625, 110, 352.73922729492188, 1.059999942779541, 15.636732573792841
0.093685045838356018, 0.32814547419548035, 124, 328.06463623046875, 1.0299999713897705, 15.632840010228639
0.093685045838356018, 0.32814547419548035, 124, 328.06463623046875, 1.0299999713897705, 15.632840010228639
0.093685045838356018, 0.32814547419548035, 124, 328.06463623046875, 1.0299999713897705, 15.632840010228639
0.093685045838356018, 0.32814547419548035, 124, 328.06463623046875, 1.0299999713897705, 15.632840010228639
-0.28199967741966248, 0.01963435672223568, 106, 309.80239868164063, 1.0659999847412109, 15.637704472104602
-0.28199967741966248, 0.01963435672223568, 106, 309.80239868164063, 1.0659999847412109, 15.637704472104602
-0.28199967741966248, 0.01963435672223568, 106, 309.80239868164063, 1.0659999847412109, 15.637704472104602
-0.28199967741966248, 0.01963435672223568, 106, 309.80239868164063, 1.0659999847412109, 15.637704472104602
0.089819155633449554, -0.15553247928619385, 108, 271.383544921875, 1.0439999103546143, 15.635023149262709
0.089819155633449554, -0.15553247928619385, 108, 271.383544921875, 1.0439999103546143, 15.635023149262709
0.089819155633449554, -0.15553247928619385, 108, 271.383544921875, 1.0439999103546143, 15.635023149262709
0.089819155633449554, -0.15553247928619385, 108, 271.383544921875, 1.0439999103546143, 15.635023149262709
0.059014059603214264, -0.14310368895530701, 107, 242.69073486328125, 1.0499999523162842, 15.637814355559211
0.059014059603214264, -0.14310368895530701, 107, 242.69073486328125, 1.0499999523162842, 15.637814355559211
0.059014059603214264, -0.14310368895530701, 107, 232.777587890625, 1.0499999523162842, 15.637814355559211
0.059014059603214264, -0.14310368895530701, 107, 232.777587890625, 1.0499999523162842, 15.637814355559211
0.059014059603214264, -0.14310368895530701, 107, 232.777587890625, 1.0499999523162842, 15.637814355559211
0.059014059603214264, -0.14310368895530701, 107, 232.777587890625, 1.0499999523162842, 15.637814355559211
0.059014059603214264, -0.14310368895530701, 107, 232.777587890625, 1.0499999523162842, 15.637814355559211
0.29441723227500916, 0.37765780091285706, 118, 217.86495971679688, 1.0499999523162842, 15.636689079361936
0.038087654858827591, 0.39884236454963684, 114, 213.08389282226563, 1.059999942779541, 15.637613913640585
0.038087654858827591, 0.39884236454963684, 114, 213.08389282226563, 1.059999942779541, 15.637613913640585
0.038087654858827591, 0.39884236454963684, 114, 213.08389282226563, 1.059999942779541, 15.637613913640585
0.038087654858827591, 0.39884236454963684, 114, 210.87324523925781, 1.059999942779541, 15.637613913640585
0.038087654858827591, 0.39884236454963684, 114, 210.87324523925781, 1.059999942779541, 15.637613913640585
0.038087654858827591, 0.39884236454963684, 114, 210.87324523925781, 1.059999942779541, 15.637613913640585
-0.0076541821472346783, -0.1063760444521904, 110, 210.90966796875, 1.0179998874664307, 15.639368814247707
-0.0076541821472346783, -0.1063760444521904, 110, 210.90966796875, 1.0179998874664307, 15.639368814247707
-0.0076541821472346783, -0.1063760444521904, 110, 210.90966796875, 1.0179998874664307, 15.639368814247707
-0.0076541821472346783, -0.1063760444521904, 110, 212.38261413574219, 1.0179998874664307, 15.639368814247707
-0.0076541821472346783, -0.1063760444521904, 110, 212.38261413574219, 1.0179998874664307, 15.639368814247707
-0.058672308921813965, 0.14968892931938171, 114, 215.46395874023438, 1.059999942779541, 15.642021754677661
-0.058672308921813965, 0.14968892931938171, 114, 219.41026306152344, 1.059999942779541, 15.642021754677661
-0.058672308921813965, 0.14968892931938171, 114, 219.41026306152344, 1.059999942779541, 15.642021754677661
-0.058672308921813965, 0.14968892931938171, 114, 219.41026306152344, 1.059999942779541, 15.642021754677661
-0.084684781730175018, 0.059545289725065231, 125, 226.61337280273438, 1.0579999685287476, 15.639213518933317
-0.084684781730175018, 0.059545289725065231, 125, 234.60800170898438, 1.0579999685287476, 15.639213518933317
-0.084684781730175018, 0.059545289725065231, 125, 234.60800170898438, 1.0579999685287476, 15.639213518933317
-0.084684781730175018, 0.059545289725065231, 125, 234.60800170898438, 1.0579999685287476, 15.639213518933317
-0.084684781730175018, 0.059545289725065231, 125, 234.60800170898438, 1.0579999685287476, 15.639213518933317
-0.24975572526454926, 0.021797411143779755, 128, 237.40261840820313, 1.0399999618530273, 15.639928577455521
-0.24975572526454926, 0.021797411143779755, 128, 232.38676452636719, 1.0399999618530273, 15.639928577455521
-0.24975572526454926, 0.021797411143779755, 128, 232.38676452636719, 1.0399999618530273, 15.639928577455521
-0.24975572526454926, 0.021797411143779755, 128, 232.38676452636719, 1.0399999618530273, 15.639928577455521
-0.075946003198623657, 0.11016686260700226, 127, 224.96115112304688, 1.034000039100647, 15.631557612454761
-0.075946003198623657, 0.11016686260700226, 127, 224.96115112304688, 1.034000039100647, 15.631557612454761
-0.075946003198623657, 0.11016686260700226, 127, 224.96115112304688, 1.034000039100647, 15.631557612454761
-0.075946003198623657, 0.11016686260700226, 127, 224.96115112304688, 1.034000039100647, 15.631557612454761
-0.075946003198623657, 0.11016686260700226, 127, 224.96115112304688, 1.034000039100647, 15.631557612454761
0.04226834699511528, 0.15333864092826843, 134, 221.93487548828125, 1.0239999294281006, 15.636935033409699
0.04226834699511528, 0.15333864092826843, 134, 229.42633056640625, 1.0239999294281006, 15.636935033409699
0.04226834699511528, 0.15333864092826843, 134, 229.42633056640625, 1.0239999294281006, 15.636935033409699
0.04226834699511528, 0.15333864092826843, 134, 229.42633056640625, 1.0239999294281006, 15.636935033409699
0.04226834699511528, 0.15333864092826843, 134, 229.42633056640625, 1.0239999294281006, 15.636935033409699
0.04226834699511528, 0.15333864092826843, 134, 229.42633056640625, 1.0239999294281006, 15.636935033409699
0.04226834699511528, 0.15333864092826843, 134, 229.42633056640625, 1.0239999294281006, 15.636935033409699
-0.35897105932235718, 0.044380053877830505, 125, 279.93902587890625, 1.059999942779541, 15.636977357465174
-0.35897105932235718, 0.044380053877830505, 125, 279.93902587890625, 1.059999942779541, 15.636977357465174
-0.35897105932235718, 0.044380053877830505, 125, 279.93902587890625, 1.059999942779541, 15.636977357465174
-0.35897105932235718, 0.044380053877830505, 125, 279.93902587890625, 1.059999942779541, 15.636977357465174
-0.35897105932235718, 0.044380053877830505, 125, 279.93902587890625, 1.059999942779541, 15.636977357465174
-0.35897105932235718, 0.044380053877830505, 125, 279.93902587890625, 1.059999942779541, 15.636977357465174
-0.048184201121330261, 0.15181343257427216, 120, 288.78875732421875, 1.0499999523162842, 15.635386880473636
-0.048184201121330261, 0.15181343257427216, 120, 288.78875732421875, 1.0499999523162842, 15.635386880473636
-0.048184201121330261, 0.15181343257427216, 120, 288.78875732421875, 1.0499999523162842, 15.635386880473636
-0.048184201121330261, 0.15181343257427216, 120, 288.78875732421875, 1.0499999523162842, 15.635386880473636
0.00098429515492171049, 0.025245573371648788, 135, 291.44793701171875, 1.059999942779541, 15.637232594282519
0.00098429515492171049, 0.025245573371648788, 135, 291.44793701171875, 1.059999942779541, 15.637232594282519
0.00098429515492171049, 0.025245573371648788, 135, 291.44793701171875, 1.059999942779541, 15.637232594282519
0.00098429515492171049, 0.025245573371648788, 135, 294.3751220703125, 1.059999942779541, 15.637232594282519
-0.0014301248593255877, 0.21419543027877808, 128, 297.37896728515625, 1.0199999809265137, 15.632740022528408
-0.0014301248593255877, 0.21419543027877808, 128, 297.37896728515625, 1.0199999809265137, 15.632740022528408
-0.0014301248593255877, 0.21419543027877808, 128, 297.37896728515625, 1.0199999809265137, 15.632740022528408
-0.0014301248593255877, 0.21419543027877808, 128, 297.37896728515625, 1.0199999809265137, 15.632740022528408
-0.044703193008899689, 0.056816652417182922, 130, 304.51123046875, 1.0499999523162842, 15.640444479523801
-0.044703193008899689, 0.056816652417182922, 130, 304.51123046875, 1.0499999523162842, 15.640444479523801
-0.044703193008899689, 0.056816652417182922, 130, 304.51123046875, 1.0499999523162842, 15.640444479523801
-0.044703193008899689, 0.056816652417182922, 130, 304.51123046875, 1.0499999523162842, 15.640444479523801
-0.044703193008899689, 0.056816652417182922, 130, 308.92816162109375, 1.0499999523162842, 15.640444479523801
-0.01761925220489502, 0.26006340980529785, 116, 315.080078125, 1.062000036239624, 15.636267153773595
-0.01761925220489502, 0.26006340980529785, 116, 315.080078125, 1.062000036239624, 15.636267153773595
-0.01761925220489502, 0.26006340980529785, 116, 315.080078125, 1.062000036239624, 15.636267153773595
-0.01761925220489502, 0.26006340980529785, 116, 315.080078125, 1.062000036239624, 15.636267153773595
-0.01761925220489502, 0.26006340980529785, 116, 323.632568359375, 1.062000036239624, 15.636267153773595
-0.01761925220489502, 0.26006340980529785, 116, 323.632568359375, 1.062000036239624, 15.636267153773595
0.1731315553188324, -0.055700153112411499, 117, 334.33218383789063, 1.0899999141693115, 15.638160758289441
0.1731315553188324, -0.055700153112411499, 117, 334.33218383789063, 1.0899999141693115, 15.638160758289441
0.1731315553188324, -0.055700153112411499, 117, 345.52627563476563, 1.0899999141693115, 15.638160758289441
-0.24400733411312103, 0.057649463415145874, 119, 354.47244262695313, 1.0499999523162842, 15.631696920930848
-0.24400733411312103, 0.057649463415145874, 119, 354.47244262695313, 1.0499999523162842, 15.631696920930848
-0.24400733411312103, 0.057649463415145874, 119, 354.47244262695313, 1.0499999523162842, 15.631696920930848
-0.24400733411312103, 0.057649463415145874, 119, 354.47244262695313, 1.0499999523162842, 15.631696920930848
-0.24400733411312103, 0.057649463415145874, 119, 354.47244262695313, 1.0499999523162842, 15.631696920930848
-0.24400733411312103, 0.057649463415145874, 119, 354.47244262695313, 1.0499999523162842, 15.631696920930848
-0.081266462802886963, 0.11346284300088882, 121, 10.26010799407959, 1.059999942779541, 15.639818618540396
-0.081266462802886963, 0.11346284300088882, 121, 10.26010799407959, 1.059999942779541, 15.639818618540396
-0.081266462802886963, 0.11346284300088882, 121, 10.26010799407959, 1.059999942779541, 15.639818618540396
-0.041967436671257019, 0.14999037981033325, 117, 20.21528434753418, 1.059999942779541, 15.638691637210353
-0.041967436671257019, 0.14999037981033325, 117, 20.21528434753418, 1.059999942779541, 15.638691637210353
-0.041967436671257019, 0.14999037981033325, 117, 20.21528434753418, 1.059999942779541, 15.638691637210353
-0.041967436671257019, 0.14999037981033325, 117, 31.772199630737305, 1.059999942779541, 15.638691637210353
-0.041967436671257019, 0.14999037981033325, 117, 31.772199630737305, 1.059999942779541, 15.638691637210353
-0.041967436671257019, 0.14999037981033325, 117, 31.772199630737305, 1.059999942779541, 15.638691637210353
-0.3180009126663208, 0.068482689559459686, 112, 49.948226928710938, 1.0859999656677246, 15.636015448355657
-0.3180009126663208, 0.068482689559459686, 112, 49.948226928710938, 1.0859999656677246, 15.636015448355657
-0.3180009126663208, 0.068482689559459686, 112, 69.384841918945313, 1.0859999656677246, 15.636015448355657
-0.22459456324577332, -0.0021517120767384768, 120, 88.965354919433594, 1.0579999685287476, 15.628409734889626
-0.22459456324577332, -0.0021517120767384768, 120, 88.965354919433594, 1.0579999685287476, 15.628409734889626
-0.22459456324577332, -0.0021517120767384768, 120, 88.965354919433594, 1.0579999685287476, 15.628409734889626
-0.22459456324577332, -0.0021517120767384768, 120, 102.68828582763672, 1.0579999685287476, 15.628409734889626
-0.22459456324577332, -0.0021517120767384768, 120, 102.68828582763672, 1.0579999685287476, 15.628409734889626
-0.22459456324577332, -0.0021517120767384768, 120, 102.68828582763672, 1.0579999685287476, 15.628409734889626
-0.042512372136116028, 0.31977057456970215, 127, 109.45903015136719, 1.0460000038146973, 15.635846306807487
-0.042512372136116028, 0.31977057456970215, 127, 109.45903015136719, 1.0460000038146973, 15.635846306807487
-0.042512372136116028, 0.31977057456970215, 127, 109.45903015136719, 1.0460000038146973, 15.635846306807487
-0.042512372136116028, 0.31977057456970215, 127, 109.45903015136719, 1.0460000038146973, 15.635846306807487
0.020063387230038643, 0.17628650367259979, 115, 112.70953369140625, 1.0699999332427979, 15.63670825008186
0.020063387230038643, 0.17628650367259979, 115, 112.70953369140625, 1.0699999332427979, 15.63670825008186
0.020063387230038643, 0.17628650367259979, 115, 112.70953369140625, 1.0699999332427979, 15.63670825008186
0.020063387230038643, 0.17628650367259979, 115, 112.70953369140625, 1.0699999332427979, 15.63670825008186
0.0039353370666503906, 0.080569371581077576, 122, 110.99885559082031, 1.0399999618530273, 15.629225415947825
0.0039353370666503906, 0.080569371581077576, 122, 110.99885559082031, 1.0399999618530273, 15.629225415947825
0.0039353370666503906, 0.080569371581077576, 122, 110.99885559082031, 1.0399999618530273, 15.629225415947825
0.0039353370666503906, 0.080569371581077576, 122, 109.74226379394531, 1.0399999618530273, 15.629225415947825
0.0039353370666503906, 0.080569371581077576, 122, 109.74226379394531, 1.0399999618530273, 15.629225415947825
0.0039353370666503906, 0.080569371581077576, 122, 109.74226379394531, 1.0399999618530273, 15.629225415947825
0.0039353370666503906, 0.080569371581077576, 122, 109.74226379394531, 1.0399999618530273, 15.629225415947825
0.0039353370666503906, 0.080569371581077576, 122, 109.74226379394531, 1.0399999618530273, 15.629225415947825
0.052356641739606857, 0.0079448968172073364, 123, 110.15158843994141, 1.0699999332427979, 15.633935715426091
0.010063864290714264, -0.04494832456111908, 122, 110.75336456298828, 1.0299999713897705, 15.637161895231316
0.010063864290714264, -0.04494832456111908, 122, 110.75336456298828, 1.0299999713897705, 15.637161895231316
0.010063864290714264, -0.04494832456111908, 122, 110.75336456298828, 1.0299999713897705, 15.637161895231316
0.010063864290714264, -0.04494832456111908, 122, 110.75336456298828, 1.0299999713897705, 15.637161895231316
0.063925713300704956, 0.12751944363117218, 112, 110.86906433105469, 1.0659999847412109, 15.626297603000634
0.063925713300704956, 0.12751944363117218, 112, 110.86906433105469, 1.0659999847412109, 15.626297603000634
0.063925713300704956, 0.12751944363117218, 112, 110.86906433105469, 1.0659999847412109, 15.626297603000634
0.063925713300704956, 0.12751944363117218, 112, 109.48616790771484, 1.0659999847412109, 15.626297603000634
0.063925713300704956, 0.12751944363117218, 112, 109.48616790771484, 1.0659999847412109, 15.626297603000634
0.0023907609283924103, 0.26294010877609253, 123, 105.69957733154297, 1.0160000324249268, 15.630979027570092
0.0023907609283924103, 0.26294010877609253, 123, 105.69957733154297, 1.0160000324249268, 15.630979027570092
0.0023907609283924103, 0.26294010877609253, 123, 101.89150238037109, 1.0160000324249268, 15.630979027570092
0.0023907609283924103, 0.26294010877609253, 123, 101.89150238037109, 1.0160000324249268, 15.630979027570092
0.017704244703054428, 0.10441762208938599, 114, 96.766059875488281, 1.0499999523162842, 15.624587882286288
0.017704244703054428, 0.10441762208938599, 114, 96.766059875488281, 1.0499999523162842, 15.624587882286288
0.017704244703054428, 0.10441762208938599, 114, 96.766059875488281, 1.0499999523162842, 15.624587882286288
0.017704244703054428, 0.10441762208938599, 114, 96.766059875488281, 1.0499999523162842, 15.624587882286288
0.089068956673145294, 0.12958714365959167, 131, 82.84979248046875, 1.0199999809265137, 15.629953195100722
0.089068956673145294, 0.12958714365959167, 131, 82.84979248046875, 1.0199999809265137, 15.629953195100722
0.089068956673145294, 0.12958714365959167, 131, 82.84979248046875, 1.0199999809265137, 15.629953195100722
0.089068956673145294, 0.12958714365959167, 131, 82.84979248046875, 1.0199999809265137, 15.629953195100722
0.092190340161323547, -0.054792203009128571, 111, 59.858364105224609, 1.0699999332427979, 15.626372382815971
0.092190340161323547, -0.054792203009128571, 111, 59.858364105224609, 1.0699999332427979, 15.626372382815971
0.092190340161323547, -0.054792203009128571, 111, 59.858364105224609, 1.0699999332427979, 15.626372382815971
0.092190340161323547, -0.054792203009128571, 111, 59.858364105224609, 1.0699999332427979, 15.626372382815971
0.092190340161323547, -0.054792203009128571, 111, 59.858364105224609, 1.0699999332427979, 15.626372382815971
0.092190340161323547, -0.054792203009128571, 111, 49.387016296386719, 1.0699999332427979, 15.626372382815971
0.16277889907360077, 0.10102604329586029, 111, 36.594474792480469, 1.0499999523162842, 15.63502389552068
0.16277889907360077, 0.10102604329586029, 111, 36.594474792480469, 1.0499999523162842, 15.63502389552068
0.16277889907360077, 0.10102604329586029, 111, 36.594474792480469, 1.0499999523162842, 15.63502389552068
0.21730725467205048, 0.082897156476974487, 109, 13.893094062805176, 1.0699999332427979, 15.630614803206724
0.21730725467205048, 0.082897156476974487, 109, 13.893094062805176, 1.0699999332427979, 15.630614803206724
0.21730725467205048, 0.082897156476974487, 109, 13.893094062805176, 1.0699999332427979, 15.630614803206724
0.21730725467205048, 0.082897156476974487, 109, 13.893094062805176, 1.0699999332427979, 15.630614803206724
0.015451818704605103, -0.10707652568817139, 110, 347.51828002929688, 1.059999942779541, 15.632769347784755
0.015451818704605103, -0.10707652568817139, 110, 347.51828002929688, 1.059999942779541, 15.632769347784755
0.015451818704605103, -0.10707652568817139, 110, 347.51828002929688, 1.059999942779541, 15.632769347784755
0.015451818704605103, -0.10707652568817139, 110, 347.51828002929688, 1.059999942779541, 15.632769347784755
0.015451818704605103, -0.10707652568817139, 110, 347.51828002929688, 1.059999942779541, 15.632769347784755
0.015451818704605103, -0.10707652568817139, 110, 347.51828002929688, 1.059999942779541, 15.632769347784755
0.27539882063865662, 0.099110998213291168, 105, 317.66177368164063, 1.0699999332427979, 15.626862074475653
0.27539882063865662, 0.099110998213291168, 105, 317.66177368164063, 1.0699999332427979, 15.626862074475653
0.27539882063865662, 0.099110998213291168, 105, 317.66177368164063, 1.0699999332427979, 15.626862074475653
-0.22014957666397095, -0.37744203209877014, 120, 305.96444702148438, 1.0559999942779541, 15.626862074475653
-0.22014957666397095, -0.37744203209877014, 120, 294.34262084960938, 1.0559999942779541, 15.631717710474522
-0.22014957666397095, -0.37744203209877014, 120, 294.34262084960938, 1.0559999942779541, 15.631717710474522
-0.22014957666397095, -0.37744203209877014, 120, 294.34262084960938, 1.0559999942779541, 15.631717710474522
-0.22014957666397095, -0.37744203209877014, 120, 294.34262084960938, 1.0559999942779541, 15.631717710474522
-0.066449061036109924, 0.24068036675453186, 114, 281.86407470703125, 1.0899999141693115, 15.623031092016756
-0.066449061036109924, 0.24068036675453186, 114, 281.86407470703125, 1.0899999141693115, 15.623031092016756
-0.066449061036109924, 0.24068036675453186, 114, 281.86407470703125, 1.0899999141693115, 15.623031092016756
-0.066449061036109924, 0.24068036675453186, 114, 281.86407470703125, 1.0899999141693115, 15.623031092016756
0.008197074756026268, 0.19012854993343353, 116, 280.29165649414063, 1.0460000038146973, 15.621419120788635
0.008197074756026268, 0.19012854993343353, 116, 280.29165649414063, 1.0460000038146973, 15.621419120788635
0.008197074756026268, 0.19012854993343353, 116, 280.29165649414063, 1.0460000038146973, 15.621419120788635
0.008197074756026268, 0.19012854993343353, 116, 280.29165649414063, 1.0460000038146973, 15.621419120788635
0.008197074756026268, 0.19012854993343353, 116, 280.29165649414063, 1.0460000038146973, 15.621419120788635
0.055756364017724991, 0.39899986982345581, 109, 281.2789306640625, 1.0899999141693115, 15.600451937715308
0.055756364017724991, 0.39899986982345581, 109, 281.2789306640625, 1.0899999141693115, 15.600451937715308
0.055756364017724991, 0.39899986982345581, 109, 281.261474609375, 1.0899999141693115, 15.600451937715308
0.055756364017724991, 0.39899986982345581, 109, 281.261474609375, 1.0899999141693115, 15.600451937715308
0.055756364017724991, 0.39899986982345581, 109, 281.261474609375, 1.0899999141693115, 15.600451937715308
0.055756364017724991, 0.39899986982345581, 109, 281.261474609375, 1.0899999141693115, 15.600451937715308
-0.01505554560571909, 0.17986910045146942, 121, 280.22824096679688, 1.034000039100647, 15.595071627478703
-0.01505554560571909, 0.17986910045146942, 121, 280.22824096679688, 1.034000039100647, 15.595071627478703
-0.01505554560571909, 0.17986910045146942, 121, 280.22824096679688, 1.034000039100647, 15.595071627478703
0.056320078670978546, -0.081224687397480011, 115, 278.17431640625, 1.0800000429153442, 15.600643441339592
0.056320078670978546, -0.081224687397480011, 115, 278.17431640625, 1.0800000429153442, 15.600643441339592
0.056320078670978546, -0.081224687397480011, 115, 278.17431640625, 1.0800000429153442, 15.600643441339592
0.056320078670978546, -0.081224687397480011, 115, 277.693603515625, 1.0800000429153442, 15.600643441339592
-0.0013227052986621857, 0.31244054436683655, 121, 279.08029174804688, 1.0379999876022339, 15.607986529848574
-0.0013227052986621857, 0.31244054436683655, 121, 279.08029174804688, 1.0379999876022339, 15.607986529848574
-0.0013227052986621857, 0.31244054436683655, 121, 279.08029174804688, 1.0379999876022339, 15.607986529848574
-0.0013227052986621857, 0.31244054436683655, 121, 279.08029174804688, 1.0379999876022339, 15.607986529848574
-0.0013227052986621857, 0.31244054436683655, 121, 279.08029174804688, 1.0379999876022339, 15.607986529848574
-0.0013227052986621857, 0.31244054436683655, 121, 279.08029174804688, 1.0379999876022339, 15.607986529848574
-0.073909863829612732, 0.51089960336685181, 113, 282.85598754882813, 1.0899999141693115, 15.61519238317076
-0.073909863829612732, 0.51089960336685181, 113, 282.85598754882813, 1.0899999141693115, 15.61519238317076
-0.073909863829612732, 0.51089960336685181, 113, 284.1680908203125, 1.0899999141693115, 15.61519238317076
-0.073909863829612732, 0.51089960336685181, 113, 284.1680908203125, 1.0899999141693115, 15.61519238317076
-0.073909863829612732, 0.51089960336685181, 113, 284.1680908203125, 1.0899999141693115, 15.61519238317076
-0.071181662380695343, 0.42216655611991882, 116, 286.81607055664063, 1.0399999618530273, 15.621915895371632
-0.071181662380695343, 0.42216655611991882, 116, 286.81607055664063, 1.0399999618530273, 15.621915895371632
-0.071181662380695343, 0.42216655611991882, 116, 286.81607055664063, 1.0399999618530273, 15.621915895371632
-0.24902987480163574, 0.32854527235031128, 129, 297.68096923828125, 1.0899999141693115, 15.619950002763051
-0.24902987480163574, 0.32854527235031128, 129, 297.68096923828125, 1.0899999141693115, 15.619950002763051
-0.24902987480163574, 0.32854527235031128, 129, 297.68096923828125, 1.0899999141693115, 15.619950002763051
-0.24902987480163574, 0.32854527235031128, 129, 310.9205322265625, 1.0899999141693115, 15.619950002763051
-0.24902987480163574, 0.32854527235031128, 129, 310.9205322265625, 1.0899999141693115, 15.619950002763051
-0.24902987480163574, 0.32854527235031128, 129, 310.9205322265625, 1.0899999141693115, 15.619950002763051
-0.4118308424949646, 0.28467562794685364, 129, 326.934326171875, 1.0499999523162842, 15.631570467341767
-0.4118308424949646, 0.28467562794685364, 129, 326.934326171875, 1.0499999523162842, 15.631570467341767
-0.4118308424949646, 0.28467562794685364, 129, 326.934326171875, 1.0499999523162842, 15.631570467341767
-0.4118308424949646, 0.28467562794685364, 129, 326.934326171875, 1.0499999523162842, 15.631570467341767
-0.035825088620185852, -0.70212692022323608, 120, 356.46121215820313, 1.0920000076293945, 15.629342746228961
-0.035825088620185852, -0.70212692022323608, 120, 356.46121215820313, 1.0920000076293945, 15.629342746228961
-0.035825088620185852, -0.70212692022323608, 120, 11.325116157531738, 1.0920000076293945, 15.629342746228961
-0.035825088620185852, -0.70212692022323608, 120, 11.325116157531738, 1.0920000076293945, 15.629342746228961
-0.035825088620185852, -0.70212692022323608, 120, 11.325116157531738, 1.0920000076293945, 15.629342746228961
-0.37548527121543884, 0.10179239511489868, 113, 27.048357009887695, 1.0699999332427979, 15.630006113537966
-0.37548527121543884, 0.10179239511489868, 113, 27.048357009887695, 1.0699999332427979, 15.630006113537966
-0.37548527121543884, 0.10179239511489868, 113, 27.048357009887695, 1.0699999332427979, 15.630006113537966
-0.37548527121543884, 0.10179239511489868, 113, 27.048357009887695, 1.0699999332427979, 15.630006113537966
-0.30767428874969482, 0.19095540046691895, 116, 54.712871551513672, 1.0699999332427979, 15.625604133867659
-0.30767428874969482, 0.19095540046691895, 116, 54.712871551513672, 1.0699999332427979, 15.625604133867659
-0.30767428874969482, 0.19095540046691895, 116, 65.868659973144531, 1.0699999332427979, 15.625604133867659
-0.014694532379508018, -0.19976747035980225, 109, 76.289421081542969, 1.0699999332427979, 15.634962946139337
-0.014694532379508018, -0.19976747035980225, 109, 76.289421081542969, 1.0699999332427979, 15.634962946139337
-0.014694532379508018, -0.19976747035980225, 109, 76.289421081542969, 1.0699999332427979, 15.634962946139337
-0.014694532379508018, -0.19976747035980225, 109, 76.289421081542969, 1.0699999332427979, 15.634962946139337
-0.014694532379508018, -0.19976747035980225, 109, 76.289421081542969, 1.0699999332427979, 15.634962946139337
-0.014694532379508018, -0.19976747035980225, 109, 76.289421081542969, 1.0699999332427979, 15.634962946139337
-0.069472357630729675, -0.15805681049823761, 119, 91.08184814453125, 1.0299999713897705, 15.629378233558583
-0.069472357630729675, -0.15805681049823761, 119, 91.08184814453125, 1.0299999713897705, 15.629378233558583
-0.069472357630729675, -0.15805681049823761, 119, 93.462310791015625, 1.0299999713897705, 15.629378233558583
-0.069472357630729675, -0.15805681049823761, 119, 93.462310791015625, 1.0299999713897705, 15.629378233558583
-0.087052091956138611, 0.3197799026966095, 110, 95.021896362304688, 1.059999942779541, 15.631627405960426
-0.087052091956138611, 0.3197799026966095, 110, 95.021896362304688, 1.059999942779541, 15.631627405960426
-0.087052091956138611, 0.3197799026966095, 110, 95.021896362304688, 1.059999942779541, 15.631627405960426
-0.087052091956138611, 0.3197799026966095, 110, 95.021896362304688, 1.059999942779541, 15.631627405960426
-0.087052091956138611, 0.3197799026966095, 110, 95.021896362304688, 1.059999942779541, 15.631627405960426
0.026268932968378067, 0.40039408206939697, 114, 94.088844299316406, 1.0379999876022339, 15.629776909407473
0.026268932968378067, 0.40039408206939697, 114, 94.088844299316406, 1.0379999876022339, 15.629776909407473
0.026268932968378067, 0.40039408206939697, 114, 94.088844299316406, 1.0379999876022339, 15.629776909407473
0.026268932968378067, 0.40039408206939697, 114, 94.088844299316406, 1.0379999876022339, 15.629776909407473
0.026683971285820007, 0.37936997413635254, 109, 92.062240600585938, 1.0699999332427979, 15.636666611550794
0.026683971285820007, 0.37936997413635254, 109, 92.062240600585938, 1.0699999332427979, 15.636666611550794
0.026683971285820007, 0.37936997413635254, 109, 92.062240600585938, 1.0699999332427979, 15.636666611550794
0.026683971285820007, 0.37936997413635254, 109, 92.062240600585938, 1.0699999332427979, 15.636666611550794
0.061283234506845474, -0.066684149205684662, 108, 94.7298583984375, 1.0499999523162842, 15.626800432792432
0.061283234506845474, -0.066684149205684662, 108, 94.7298583984375, 1.0499999523162842, 15.626800432792432
0.061283234506845474, -0.066684149205684662, 108, 94.7298583984375, 1.0499999523162842, 15.626800432792432
0.061283234506845474, -0.066684149205684662, 108, 94.7298583984375, 1.0499999523162842, 15.626800432792432
-0.042474936693906784, -0.045566242188215256, 119, 94.960853576660156, 1.0399999618530273, 15.62368072534391
-0.042474936693906784, -0.045566242188215256, 119, 94.960853576660156, 1.0399999618530273, 15.62368072534391
-0.042474936693906784, -0.045566242188215256, 119, 94.960853576660156, 1.0399999618530273, 15.62368072534391
-0.042474936693906784, -0.045566242188215256, 119, 94.960853576660156, 1.0399999618530273, 15.62368072534391
-0.042474936693906784, -0.045566242188215256, 119, 94.960853576660156, 1.0399999618530273, 15.62368072534391
-0.014605477452278137, 0.00055559352040290833, 105, 84.262275695800781, 1.059999942779541, 15.620608900782534
-0.014605477452278137, 0.00055559352040290833, 105, 84.262275695800781, 1.059999942779541, 15.620608900782534
-0.014605477452278137, 0.00055559352040290833, 105, 71.167839050292969, 1.059999942779541, 15.620608900782534
-0.014605477452278137, 0.00055559352040290833, 105, 71.167839050292969, 1.059999942779541, 15.620608900782534
-0.038625597953796387, -0.043569564819335938, 117, 51.656841278076172, 1.0499999523162842, 15.629165806127443
-0.038625597953796387, -0.043569564819335938, 117, 51.656841278076172, 1.0499999523162842, 15.629165806127443
-0.038625597953796387, -0.043569564819335938, 117, 51.656841278076172, 1.0499999523162842, 15.629165806127443
-0.038625597953796387, -0.043569564819335938, 117, 51.656841278076172, 1.0499999523162842, 15.629165806127443
0.41138577461242676, -0.12773039937019348, 121, 22.904834747314453, 1.0499999523162842, 15.621099949341705
0.41138577461242676, -0.12773039937019348, 121, 22.904834747314453, 1.0499999523162842, 15.621099949341705
0.41138577461242676, -0.12773039937019348, 121, 22.904834747314453, 1.0499999523162842, 15.621099949341705
0.41138577461242676, -0.12773039937019348, 121, 22.904834747314453, 1.0499999523162842, 15.621099949341705
0.41138577461242676, -0.12773039937019348, 121, 15.54859733581543, 1.0499999523162842, 15.621099949341705
0.41138577461242676, -0.12773039937019348, 121, 15.54859733581543, 1.0499999523162842, 15.621099949341705
-0.015899451449513435, 0.051564961671829224, 106, 5.0003876686096191, 1.0399999618530273, 15.63266043532234
-0.015899451449513435, 0.051564961671829224, 106, 5.0003876686096191, 1.0399999618530273, 15.63266043532234
-0.015899451449513435, 0.051564961671829224, 106, 5.0003876686096191, 1.0399999618530273, 15.63266043532234
-0.015899451449513435, 0.051564961671829224, 106, 5.0003876686096191, 1.0399999618530273, 15.63266043532234
-0.015899451449513435, 0.051564961671829224, 106, 5.0003876686096191, 1.0399999618530273, 15.63266043532234
0.11811515688896179, 0.22245293855667114, 115, 359.23306274414063, 1.0099999904632568, 15.628796727025408
0.11811515688896179, 0.22245293855667114, 115, 359.23306274414063, 1.0099999904632568, 15.628796727025408
0.11811515688896179, 0.22245293855667114, 115, 359.23306274414063, 1.0099999904632568, 15.628796727025408
0.11811515688896179, 0.22245293855667114, 115, 359.23306274414063, 1.0099999904632568, 15.628796727025408
0.074247226119041443, -0.094291046261787415, 117, 351.7333984375, 1.0399999618530273, 15.631678502032617
0.074247226119041443, -0.094291046261787415, 117, 351.7333984375, 1.0399999618530273, 15.631678502032617
0.074247226119041443, -0.094291046261787415, 117, 351.7333984375, 1.0399999618530273, 15.631678502032617
0.074247226119041443, -0.094291046261787415, 117, 351.7333984375, 1.0399999618530273, 15.631678502032617
0.079359754920005798, 0.53148698806762695, 118, 316.3265380859375, 1.0479999780654907, 15.627007567010283
0.079359754920005798, 0.53148698806762695, 118, 316.3265380859375, 1.0479999780654907, 15.627007567010283
0.079359754920005798, 0.53148698806762695, 118, 316.3265380859375, 1.0479999780654907, 15.627007567010283
0.079359754920005798, 0.53148698806762695, 118, 295.93536376953125, 1.0479999780654907, 15.627007567010283
0.079359754920005798, 0.53148698806762695, 118, 295.93536376953125, 1.0479999780654907, 15.627007567010283
1.2145265340805054, -0.086244538426399231, 113, 278.3880615234375, 1.062000036239624, 15.632605006010689
1.2145265340805054, -0.086244538426399231, 113, 278.3880615234375, 1.062000036239624, 15.632605006010689
1.2145265340805054, -0.086244538426399231, 113, 278.3880615234375, 1.062000036239624, 15.632605006010689
0.083554461598396301, 0.12059865891933441, 129, 267.5618896484375, 1.0199999809265137, 15.624763469377491
0.083554461598396301, 0.12059865891933441, 129, 267.5618896484375, 1.0199999809265137, 15.624763469377491
0.083554461598396301, 0.12059865891933441, 129, 267.5618896484375, 1.0199999809265137, 15.624763469377491
