opt_m_x, opt_m_y, opt_qua, yaw, alt, battery_V
0.0057618450373411179, -0.019810143858194351, 0, 13.334124565124512, 0.0, 15.587920781340664
0.0057618450373411179, -0.019810143858194351, 0, 0.56609565019607544, 0.0, 15.587920781340664
-0.15820944309234619, -0.016564512625336647, 35, 359.72650146484375, 0.0, 15.598752933522043
-3.5543203353881836, -0.58825987577438354, 100, 358.13595581054688, 0.057999998331069946, 15.603252225059329
-0.0017845705151557922, -0.29587775468826294, 107, 359.59140014648438, 0.31399998068809509, 15.60595180008897
0.087141484022140503, 0.07664044201374054, 100, 358.68344116210938, 0.55000001192092896, 15.601171545075751
0.24093623459339142, -0.13895802199840546, 106, 358.93853759765625, 0.54000002145767212, 15.60870339210882
-0.37871801853179932, -0.0015497058629989624, 115, 2.8589091300964355, 1.2639999389648438, 15.609622500454591
-0.12118395417928696, -0.042785748839378357, 109, 7.3222846984863281, 1.2660000324249268, 15.608173965454164
-0.038560613989830017, 0.099265441298484802, 116, 8.4892129898071289, 1.2200000286102295, 15.604104844371689
-0.02526082843542099, 0.083987027406692505, 132, 10.982625007629395, 1.1840000152587891, 15.606863371702676
-0.041013676673173904, 0.19709998369216919, 125, 10.905879020690918, 1.1920000314712524, 15.604518488107431
-0.13559204339981079, 0.15974363684654236, 119, 9.5782880783081055, 1.1800000667572021, 15.597707399531538
-0.13559204339981079, 0.15974363684654236, 119, 11.413372039794922, 1.1800000667572021, 15.597707399531538
-0.081822775304317474, 0.38178509473800659, 137, 11.522375106811523, 1.1779999732971191, 15.606224904693741
0.016076741740107536, 0.49413782358169556, 113, 6.9618344306945801, 1.1639999151229858, 15.596535407773601
0.052958644926548004, 0.44773614406585693, 119, 9.9106826782226563, 1.1540000438690186, 15.598321709503749
-0.04077506810426712, 0.51819473505020142, 123, 10.494522094726563, 1.1740000247955322, 15.598593490572505
-0.10079869627952576, 0.59992873668670654, 104, 10.03154468536377, 1.1660000085830688, 15.603556559291764
-0.081320673227310181, 0.70097559690475464, 114, 12.694685935974121, 1.1399999856948853, 15.59632110520071
0.009050159715116024, 0.54959267377853394, 111, 13.220029830932617, 1.1399999856948853, 15.600193127984706
0.009050159715116024, 0.54959267377853394, 111, 13.196555137634277, 1.1399999856948853, 15.600193127984706
0.009050159715116024, 0.54959267377853394, 111, 15.280234336853027, 1.1399999856948853, 15.600193127984706
0.054677944630384445, 0.58031350374221802, 121, 15.516364097595215, 1.1299999952316284, 15.598116341681855
-0.056610908359289169, 0.40473681688308716, 128, 14.042753219604492, 1.1499999761581421, 15.600470269904275
-0.00086769461631774902, 0.55197769403457642, 115, 13.249425888061523, 1.1599999666213989, 15.600682626875967
0.036432910710573196, 0.49480512738227844, 116, 8.2959003448486328, 1.1499999761581421, 15.60521004112961
0.036432910710573196, 0.49480512738227844, 116, 8.2189054489135742, 1.1499999761581421, 15.603526489724173
-0.024506749585270882, -0.069502629339694977, 111, 3.3164246082305908, 1.1000000238418579, 15.60211635883481
-0.024506749585270882, -0.069502629339694977, 111, 2.3414111137390137, 1.1000000238418579, 15.60211635883481
-0.038604460656642914, 0.15194588899612427, 115, 0.94783228635787964, 1.1099998950958252, 15.60124263318097
-0.038604460656642914, 0.15194588899612427, 115, 0.40882688760757446, 1.1099998950958252, 15.60124263318097
-0.1551542729139328, -0.049693133682012558, 123, 357.31161499023438, 1.0800000429153442, 15.605648092019532
-0.1551542729139328, -0.049693133682012558, 123, 358.66888427734375, 1.0800000429153442, 15.605648092019532
-0.010210120119154453, 0.50986188650131226, 121, 357.07113647460938, 1.1000000238418579, 15.605648092019532
0.091348394751548767, 0.27073147892951965, 112, 356.22567749023438, 1.0979999303817749, 15.605789320298371
0.070733949542045593, 0.43188652396202087, 113, 1.5457719564437866, 1.0679999589920044, 15.606164899514262
0.070733949542045593, 0.43188652396202087, 113, 1.5513730049133301, 1.0679999589920044, 15.606164899514262
0.11040744185447693, 0.45547273755073547, 106, 12.498447418212891, 1.0839999914169312, 15.605020107956896
-0.0016787946224212646, 0.40189242362976074, 110, 20.886255264282227, 1.0800000429153442, 15.60701252986966
-0.010030806064605713, 0.33011668920516968, 108, 25.339435577392578, 1.1000000238418579, 15.604607983011178
-0.037293985486030579, 0.23207417130470276, 114, 29.677534103393555, 1.1059999465942383, 15.606365254886445
-0.069826558232307434, 0.13249371945858002, 105, 38.643714904785156, 1.1019999980926514, 15.60861961807138
-0.069826558232307434, 0.13249371945858002, 105, 39.331413269042969, 1.1019999980926514, 15.60861961807138
0.077192291617393494, 0.31293466687202454, 116, 33.363090515136719, 1.0899999141693115, 15.602143806661198
0.25972893834114075, 0.35737672448158264, 118, 22.245998382568359, 1.0719999074935913, 15.598486748922337
0.35647061467170715, 0.39830884337425232, 106, 356.03814697265625, 1.0899999141693115, 15.599892514245473
0.31649845838546753, 0.44476151466369629, 105, 333.70037841796875, 1.0759999752044678, 15.603935973520557
0.31649845838546753, 0.44476151466369629, 105, 327.16726684570313, 1.0759999752044678, 15.603935973520557
0.14573350548744202, 0.48955586552619934, 87, 310.132080078125, 1.0800000429153442, 15.605257694417379
-0.0012497305870056152, 0.67532467842102051, 75, 311.7598876953125, 1.062000036239624, 15.607955081763535
-0.033792570233345032, 0.68928277492523193, 72, 309.66729736328125, 1.059999942779541, 15.607573514205736
-0.052980042994022369, 0.65469938516616821, 66, 312.0506591796875, 1.0399999618530273, 15.601344573572554
-0.03127877414226532, 0.65340268611907959, 55, 314.61972045898438, 1.0499999523162842, 15.608407209205067
-0.10352711379528046, 0.8844417929649353, 39, 313.64105224609375, 1.0399999618530273, 15.608644790693358
0.066687099635601044, 0.88268512487411499, 36, 316.90103149414063, 1.0499999523162842, 15.605587339544313
-0.0062211155891418457, -0.095231778919696808, 42, 315.35421752929688, 1.0639998912811279, 15.602552868764109
0.043672345578670502, 0.07590503990650177, 31, 316.0382080078125, 1.0479999780654907, 15.606732186313046
-0.054159887135028839, -0.058571867644786835, 28, 317.75469970703125, 1.0299999713897705, 15.604839776876487
0.0036322481464594603, 0.044353291392326355, 25, 316.0045166015625, 1.0099999904632568, 15.602904331157511
0.0063698920421302319, 0.048011325299739838, 0, 319.90997314453125, 1.0099999904632568, 15.596543063602494
-0.16018401086330414, -0.20291103422641754, 36, 319.51388549804688, 1.0080000162124634, 15.59272630291782
0.093522362411022186, -0.086393013596534729, 47, 323.59384155273438, 1.0299999713897705, 15.596436246505425
0.025810122489929199, -0.022145040333271027, 41, 323.23953247070313, 1.0299999713897705, 15.597862212734515
0.06334289163351059, -0.022230729460716248, 35, 323.074951171875, 1.0260000228881836, 15.597117792482129
0.06334289163351059, -0.022230729460716248, 35, 324.54013061523438, 1.0260000228881836, 15.597117792482129
0.020403772592544556, 0.019654311239719391, 31, 322.8636474609375, 1.0299999713897705, 15.597071140318908
0.061140641570091248, 0.45136377215385437, 37, 326.31146240234375, 1.0499999523162842, 15.59384314897218
0.061140641570091248, 0.45136377215385437, 37, 327.42279052734375, 1.0499999523162842, 15.59384314897218
-0.054468743503093719, -0.18836183845996857, 26, 328.1668701171875, 1.059999942779541, 15.601106354224271
0.013904421590268612, 0.00030704587697982788, 0, 331.28482055664063, 1.059999942779541, 15.603464277518892
0.014775522984564304, -0.023993503302335739, 0, 330.81683349609375, 1.0740000009536743, 15.605647883985142
0.012708164751529694, -0.13749140501022339, 0, 334.21054077148438, 1.0499999523162842, 15.607789195507536
-0.0057067740708589554, 0.17897477746009827, 0, 334.17453002929688, 1.059999942779541, 15.60467398240646
0.083467729389667511, 0.028809230774641037, 0, 336.10101318359375, 1.0499999523162842, 15.604804854501342
-0.022789141163229942, -0.010698866099119186, 0, 337.86834716796875, 1.0699999332427979, 15.597683377654105
0.016340240836143494, 0.050283480435609818, 0, 336.15277099609375, 1.0719999074935913, 15.603010491519026
0.0026924286503344774, -0.15898218750953674, 0, 339.18417358398438, 1.059999942779541, 15.600206759875579
0.0026924286503344774, -0.15898218750953674, 0, 340.49041748046875, 1.059999942779541, 15.600206759875579
0.063008539378643036, 0.019455686211585999, 0, 339.00802612304688, 1.0740000009536743, 15.600715177493859
-0.040442720055580139, 0.016492821276187897, 0, 340.30633544921875, 1.0779999494552612, 15.600715177493859
-0.040442720055580139, 0.016492821276187897, 0, 341.97900390625, 1.0779999494552612, 15.600715177493859
0.079850956797599792, -0.19969563186168671, 0, 342.218994140625, 1.0679999589920044, 15.596829571375951
-0.026152186095714569, 0.29246178269386292, 0, 343.33236694335938, 1.059999942779541, 15.598498207672172
-0.026152186095714569, 0.29246178269386292, 0, 343.33236694335938, 1.059999942779541, 15.598498207672172
-0.026152186095714569, 0.29246178269386292, 0, 344.42849731445313, 1.059999942779541, 15.598498207672172
0.13274702429771423, 0.21239268779754639, 30, 346.25497436523438, 1.0740000009536743, 15.594299389412202
0.13274702429771423, 0.21239268779754639, 30, 345.6954345703125, 1.0740000009536743, 15.594299389412202
0.13274702429771423, 0.21239268779754639, 30, 345.6954345703125, 1.0740000009536743, 15.594299389412202
-1.042317271232605, -0.077668659389019012, 41, 348.69345092773438, 1.0499999523162842, 15.580980098195178
-0.042501799762248993, -0.073434971272945404, 37, 350.66708374023438, 1.0199999809265137, 15.574988523177211
-0.042501799762248993, -0.073434971272945404, 37, 352.2127685546875, 1.0199999809265137, 15.574988523177211
-0.042501799762248993, -0.073434971272945404, 37, 352.2127685546875, 1.0199999809265137, 15.574988523177211
-0.042501799762248993, -0.073434971272945404, 37, 352.2127685546875, 1.0199999809265137, 15.574988523177211
-0.042501799762248993, -0.073434971272945404, 37, 352.2127685546875, 1.0199999809265137, 15.574988523177211
-0.042501799762248993, -0.073434971272945404, 37, 352.2127685546875, 1.0199999809265137, 15.574988523177211
-0.042501799762248993, -0.073434971272945404, 37, 352.2127685546875, 1.0199999809265137, 15.574988523177211
-0.042501799762248993, -0.073434971272945404, 37, 352.2127685546875, 1.0199999809265137, 15.574988523177211
-0.042501799762248993, -0.073434971272945404, 37, 352.2127685546875, 1.0199999809265137, 15.574988523177211
-0.042501799762248993, -0.073434971272945404, 37, 352.2127685546875, 1.0199999809265137, 15.574988523177211
-0.042501799762248993, -0.073434971272945404, 37, 352.2127685546875, 1.0199999809265137, 15.574988523177211
-0.042501799762248993, -0.073434971272945404, 37, 352.2127685546875, 1.0199999809265137, 15.574988523177211
-0.042501799762248993, -0.073434971272945404, 37, 352.2127685546875, 1.0199999809265137, 15.574988523177211
-0.042501799762248993, -0.073434971272945404, 37, 352.2127685546875, 1.0199999809265137, 15.574988523177211
-0.042501799762248993, -0.073434971272945404, 37, 352.2127685546875, 1.0199999809265137, 15.574988523177211
-0.042501799762248993, -0.073434971272945404, 37, 352.2127685546875, 1.0199999809265137, 15.574988523177211
-0.042501799762248993, -0.073434971272945404, 37, 352.2127685546875, 1.0199999809265137, 15.574988523177211
-0.042501799762248993, -0.073434971272945404, 37, 352.2127685546875, 1.0199999809265137, 15.574988523177211
-0.042501799762248993, -0.073434971272945404, 37, 352.2127685546875, 1.0199999809265137, 15.574988523177211
-0.042501799762248993, -0.073434971272945404, 37, 352.2127685546875, 1.0199999809265137, 15.574988523177211
-0.042501799762248993, -0.073434971272945404, 37, 352.2127685546875, 1.0199999809265137, 15.574988523177211
-0.042501799762248993, -0.073434971272945404, 37, 352.2127685546875, 1.0199999809265137, 15.574988523177211
-0.042501799762248993, -0.073434971272945404, 37, 352.2127685546875, 1.0199999809265137, 15.574988523177211
-0.042501799762248993, -0.073434971272945404, 37, 352.2127685546875, 1.0199999809265137, 15.574988523177211
-0.042501799762248993, -0.073434971272945404, 37, 352.2127685546875, 1.0199999809265137, 15.574988523177211
-0.042501799762248993, -0.073434971272945404, 37, 352.2127685546875, 1.0199999809265137, 15.574988523177211
-0.042501799762248993, -0.073434971272945404, 37, 352.2127685546875, 1.0199999809265137, 15.574988523177211
-0.042501799762248993, -0.073434971272945404, 37, 352.2127685546875, 1.0199999809265137, 15.574988523177211
-0.042501799762248993, -0.073434971272945404, 37, 352.2127685546875, 1.0199999809265137, 15.574988523177211
-0.042501799762248993, -0.073434971272945404, 37, 352.2127685546875, 1.0199999809265137, 15.574988523177211
-0.042501799762248993, -0.073434971272945404, 37, 352.2127685546875, 1.0199999809265137, 15.574988523177211
-0.042501799762248993, -0.073434971272945404, 37, 352.2127685546875, 1.0199999809265137, 15.574988523177211
-0.042501799762248993, -0.073434971272945404, 37, 352.2127685546875, 1.0199999809265137, 15.574988523177211
-0.042501799762248993, -0.073434971272945404, 37, 352.2127685546875, 1.0199999809265137, 15.574988523177211
-0.042501799762248993, -0.073434971272945404, 37, 352.2127685546875, 1.0199999809265137, 15.574988523177211
-0.042501799762248993, -0.073434971272945404, 37, 352.2127685546875, 1.0199999809265137, 15.574988523177211
-0.042501799762248993, -0.073434971272945404, 37, 352.2127685546875, 1.0199999809265137, 15.574988523177211
-0.042501799762248993, -0.073434971272945404, 37, 352.2127685546875, 1.0199999809265137, 15.574988523177211
-0.042501799762248993, -0.073434971272945404, 37, 352.2127685546875, 1.0199999809265137, 15.574988523177211
-0.042501799762248993, -0.073434971272945404, 37, 352.2127685546875, 1.0199999809265137, 15.574988523177211
-0.042501799762248993, -0.073434971272945404, 37, 352.2127685546875, 1.0199999809265137, 15.574988523177211
-0.042501799762248993, -0.073434971272945404, 37, 352.2127685546875, 1.0199999809265137, 15.574988523177211
-0.042501799762248993, -0.073434971272945404, 37, 352.2127685546875, 1.0199999809265137, 15.574988523177211
-0.042501799762248993, -0.073434971272945404, 37, 352.2127685546875, 1.0199999809265137, 15.574988523177211
-0.042501799762248993, -0.073434971272945404, 37, 352.2127685546875, 1.0199999809265137, 15.574988523177211
-0.042501799762248993, -0.073434971272945404, 37, 352.2127685546875, 1.0199999809265137, 15.574988523177211
-0.042501799762248993, -0.073434971272945404, 37, 352.2127685546875, 1.0199999809265137, 15.574988523177211
-0.042501799762248993, -0.073434971272945404, 37, 352.2127685546875, 1.0199999809265137, 15.574988523177211
-0.042501799762248993, -0.073434971272945404, 37, 352.2127685546875, 1.0199999809265137, 15.574988523177211
-0.042501799762248993, -0.073434971272945404, 37, 352.2127685546875, 1.0199999809265137, 15.574988523177211
-0.042501799762248993, -0.073434971272945404, 37, 352.2127685546875, 1.0199999809265137, 15.574988523177211
-0.042501799762248993, -0.073434971272945404, 37, 352.2127685546875, 1.0199999809265137, 15.574988523177211
-0.042501799762248993, -0.073434971272945404, 37, 352.2127685546875, 1.0199999809265137, 15.574988523177211
-0.042501799762248993, -0.073434971272945404, 37, 352.2127685546875, 1.0199999809265137, 15.574988523177211
-0.042501799762248993, -0.073434971272945404, 37, 352.2127685546875, 1.0199999809265137, 15.574988523177211
-0.042501799762248993, -0.073434971272945404, 37, 352.2127685546875, 1.0199999809265137, 15.574988523177211
-0.042501799762248993, -0.073434971272945404, 37, 352.2127685546875, 1.0199999809265137, 15.574988523177211
-0.042501799762248993, -0.073434971272945404, 37, 352.2127685546875, 1.0199999809265137, 15.574988523177211
-0.042501799762248993, -0.073434971272945404, 37, 352.2127685546875, 1.0199999809265137, 15.574988523177211
-0.042501799762248993, -0.073434971272945404, 37, 352.2127685546875, 1.0199999809265137, 15.574988523177211
-0.042501799762248993, -0.073434971272945404, 37, 352.2127685546875, 1.0199999809265137, 15.574988523177211
-0.042501799762248993, -0.073434971272945404, 37, 352.2127685546875, 1.0199999809265137, 15.574988523177211
-0.042501799762248993, -0.073434971272945404, 37, 352.2127685546875, 1.0199999809265137, 15.574988523177211
-0.042501799762248993, -0.073434971272945404, 37, 352.2127685546875, 1.0199999809265137, 15.574988523177211
-0.042501799762248993, -0.073434971272945404, 37, 352.2127685546875, 1.0199999809265137, 15.574988523177211
-0.042501799762248993, -0.073434971272945404, 37, 352.2127685546875, 1.0199999809265137, 15.574988523177211
-0.042501799762248993, -0.073434971272945404, 37, 352.2127685546875, 1.0199999809265137, 15.574988523177211
-0.042501799762248993, -0.073434971272945404, 37, 352.2127685546875, 1.0199999809265137, 15.574988523177211
-0.042501799762248993, -0.073434971272945404, 37, 352.2127685546875, 1.0199999809265137, 15.574988523177211
-0.042501799762248993, -0.073434971272945404, 37, 352.2127685546875, 1.0199999809265137, 15.574988523177211
-0.042501799762248993, -0.073434971272945404, 37, 352.2127685546875, 1.0199999809265137, 15.574988523177211
-0.042501799762248993, -0.073434971272945404, 37, 352.2127685546875, 1.0199999809265137, 15.574988523177211
-0.042501799762248993, -0.073434971272945404, 37, 352.2127685546875, 1.0199999809265137, 15.574988523177211
-0.042501799762248993, -0.073434971272945404, 37, 352.2127685546875, 1.0199999809265137, 15.574988523177211
-0.042501799762248993, -0.073434971272945404, 37, 352.2127685546875, 1.0199999809265137, 15.574988523177211
-0.042501799762248993, -0.073434971272945404, 37, 352.2127685546875, 1.0199999809265137, 15.574988523177211
-0.042501799762248993, -0.073434971272945404, 37, 352.2127685546875, 1.0199999809265137, 15.574988523177211
-0.042501799762248993, -0.073434971272945404, 37, 352.2127685546875, 1.0199999809265137, 15.574988523177211
-0.042501799762248993, -0.073434971272945404, 37, 352.2127685546875, 1.0199999809265137, 15.574988523177211
-0.042501799762248993, -0.073434971272945404, 37, 352.2127685546875, 1.0199999809265137, 15.574988523177211
-0.042501799762248993, -0.073434971272945404, 37, 352.2127685546875, 1.0199999809265137, 15.574988523177211
-0.042501799762248993, -0.073434971272945404, 37, 352.2127685546875, 1.0199999809265137, 15.574988523177211
-0.042501799762248993, -0.073434971272945404, 37, 352.2127685546875, 1.0199999809265137, 15.574988523177211
-0.042501799762248993, -0.073434971272945404, 37, 352.2127685546875, 1.0199999809265137, 15.574988523177211
-0.042501799762248993, -0.073434971272945404, 37, 352.2127685546875, 1.0199999809265137, 15.574988523177211
-0.042501799762248993, -0.073434971272945404, 37, 352.2127685546875, 1.0199999809265137, 15.574988523177211
-0.042501799762248993, -0.073434971272945404, 37, 352.2127685546875, 1.0199999809265137, 15.574988523177211
-0.042501799762248993, -0.073434971272945404, 37, 352.2127685546875, 1.0199999809265137, 15.574988523177211
-0.042501799762248993, -0.073434971272945404, 37, 352.2127685546875, 1.0199999809265137, 15.574988523177211
-0.042501799762248993, -0.073434971272945404, 37, 352.2127685546875, 1.0199999809265137, 15.574988523177211
-0.042501799762248993, -0.073434971272945404, 37, 352.2127685546875, 1.0199999809265137, 15.574988523177211
-0.042501799762248993, -0.073434971272945404, 37, 352.2127685546875, 1.0199999809265137, 15.574988523177211
-0.042501799762248993, -0.073434971272945404, 37, 352.2127685546875, 1.0199999809265137, 15.574988523177211
-0.042501799762248993, -0.073434971272945404, 37, 352.2127685546875, 1.0199999809265137, 15.574988523177211
-0.042501799762248993, -0.073434971272945404, 37, 352.2127685546875, 1.0199999809265137, 15.574988523177211
-0.042501799762248993, -0.073434971272945404, 37, 352.2127685546875, 1.0199999809265137, 15.574988523177211
-0.042501799762248993, -0.073434971272945404, 37, 352.2127685546875, 1.0199999809265137, 15.574988523177211
-0.042501799762248993, -0.073434971272945404, 37, 352.2127685546875, 1.0199999809265137, 15.574988523177211
-0.042501799762248993, -0.073434971272945404, 37, 352.2127685546875, 1.0199999809265137, 15.574988523177211
-0.042501799762248993, -0.073434971272945404, 37, 352.2127685546875, 1.0199999809265137, 15.574988523177211
-0.042501799762248993, -0.073434971272945404, 37, 352.2127685546875, 1.0199999809265137, 15.574988523177211
-0.042501799762248993, -0.073434971272945404, 37, 352.2127685546875, 1.0199999809265137, 15.574988523177211
-0.042501799762248993, -0.073434971272945404, 37, 352.2127685546875, 1.0199999809265137, 15.574988523177211
-0.042501799762248993, -0.073434971272945404, 37, 352.2127685546875, 1.0199999809265137, 15.574988523177211
-0.042501799762248993, -0.073434971272945404, 37, 352.2127685546875, 1.0199999809265137, 15.574988523177211
-0.042501799762248993, -0.073434971272945404, 37, 352.2127685546875, 1.0199999809265137, 15.574988523177211
-0.042501799762248993, -0.073434971272945404, 37, 352.2127685546875, 1.0199999809265137, 15.574988523177211
-0.042501799762248993, -0.073434971272945404, 37, 352.2127685546875, 1.0199999809265137, 15.574988523177211
-0.042501799762248993, -0.073434971272945404, 37, 352.2127685546875, 1.0199999809265137, 15.574988523177211
-0.042501799762248993, -0.073434971272945404, 37, 352.2127685546875, 1.0199999809265137, 15.574988523177211
